
$orca_hessian_file

$act_atom
  0

$act_coord
  0

$act_energy
        0.000000

$multiplicity
  1

$hessian
39
                    0                  1                  2                  3                  4        
    0      5.5841206124E-01  -3.5898014652E-02  -9.6589792298E-03  -8.9835339327E-02  -5.9072542111E-03
    1     -3.5898014652E-02   5.9468292305E-01   2.5859212655E-02  -4.6995312985E-03  -1.0701261349E-01
    2     -9.6589792298E-03   2.5859212655E-02   4.9468779959E-01  -2.9963703721E-03   5.1039290993E-02
    3     -8.9835339327E-02  -4.6995312985E-03  -2.9963703721E-03   3.6561494744E-01  -1.5077197821E-01
    4     -5.9072542111E-03  -1.0701261349E-01   5.1039290993E-02  -1.5077197821E-01   4.7372941498E-01
    5     -5.0148631822E-03   5.3524493120E-02  -1.8765610271E-01  -2.2863229817E-01   9.9001221009E-02
    6     -2.9036976651E-01  -1.2036060799E-02   8.6810153530E-02   2.1662723858E-03   1.6062535896E-03
    7     -1.0948924649E-02  -4.5428369844E-02   8.9834770223E-03  -1.3416729355E-02  -1.6081024548E-03
    8      8.6901829882E-02   9.4774348612E-03  -6.9556151749E-02   3.2923406543E-02  -4.7521610614E-05
    9     -1.0710324780E-01  -8.3462308433E-02  -8.6510126001E-02   2.2452571855E-04   1.5682279460E-03
   10     -8.3654233856E-02  -1.4946375738E-01  -1.0135984773E-01   1.0434640663E-02   1.0000854899E-02
   11     -8.7866739893E-02  -1.0239609646E-01  -1.4405121492E-01  -1.6349665651E-02  -2.2821205710E-02
   12     -9.8163956365E-02   1.1085566978E-01   5.7680766306E-04  -2.0292012359E-03  -2.3060333402E-03
   13      1.0923241602E-01  -2.7985017854E-01   7.7516016335E-04   4.2642671654E-03  -9.8574366080E-03
   14      4.0706811383E-03  -6.7593688351E-03  -4.7647509450E-02  -1.3783467371E-02   2.7345327638E-02
   15      7.7806245271E-03   1.0353406993E-02  -4.0698859410E-03  -8.8202810479E-02   3.4545525023E-02
   16      2.2585675522E-02  -2.9567903181E-02   1.4400162221E-02   2.1159988001E-02  -1.2087026377E-01
   17     -1.7162012279E-02   3.8597699329E-02  -5.8790798659E-03   2.6437216643E-02   3.6098399899E-03
   18     -2.7498370946E-03   7.9074637148E-03   8.4222531910E-04   1.7314837234E-02  -3.8258361995E-03
   19      6.2741997074E-05   2.2559107650E-03  -4.0770762494E-03   2.8584562509E-02  -7.2513598638E-02
   20      3.6067482295E-03  -2.7444023156E-03   4.9764043385E-03  -4.7037074720E-02   6.0602472917E-02
   21     -1.9290343237E-04  -7.6435527744E-04  -3.0117932234E-04   3.6182956691E-03  -3.7420039633E-03
   22      2.7367202647E-04  -1.7493564925E-03  -3.2722694275E-04  -1.7134893634E-03   5.0614168100E-03
   23     -6.5706244911E-04   8.5506145278E-04  -1.6637225989E-04   3.7745638019E-03  -2.6031266784E-03
   24     -1.4427401408E-04  -1.5248092174E-04  -4.6988693926E-05   2.1891122934E-04   4.8977332674E-04
   25      1.1226058488E-04   1.1312489048E-04   1.1414478538E-04  -1.0971467719E-03   8.5424768796E-04
   26     -5.4206302380E-05  -3.0208225898E-05  -2.2553583089E-05   2.1339224463E-04   3.4680880564E-05
   27     -1.7895310343E-04   4.3496118168E-04   4.7079516485E-06   8.8947938300E-04  -1.1748144136E-03
   28      8.8290973116E-05  -4.0282948494E-04  -3.1257656088E-05  -8.7678921237E-04   2.0782797243E-03
   29     -7.5510651945E-05   2.5426681797E-05   4.1200071925E-06   4.2582435192E-04  -5.2273897841E-04
   30      4.4665742528E-05   4.1690861600E-05   3.6563653024E-05  -3.4706357173E-04  -1.4252372519E-05
   31     -1.1861409319E-05  -1.6842168981E-05   2.0393248082E-06  -1.7095646467E-04   4.1142574211E-04
   32      8.7759004594E-06  -2.1382687476E-05  -2.8023867405E-05   4.3254250012E-04  -7.5707062644E-04
   33      2.0835242457E-02   1.0029089319E-02   1.4590524634E-02  -1.9306453641E-01   1.0824536006E-01
   34      3.6423155719E-03   1.6481602652E-02   3.7950837943E-03   1.1457521343E-01  -1.9049018839E-01
   35      2.7200208333E-02  -1.7650422571E-02  -4.3786802610E-02   2.2880889663E-01  -1.9268542849E-01
   36      1.6656836802E-03  -2.6092748359E-03   7.0072948684E-04  -1.6568318036E-02   2.1226703609E-02
   37      4.2266044347E-04  -4.1710772878E-05   8.3182422009E-04  -6.2117219400E-03   1.0216563509E-02
   38     -1.2770521720E-03   1.2575663948E-03  -8.7451291455E-04   1.5765520178E-02  -2.2192520340E-02
                    5                  6                  7                  8                  9        
    0     -5.0148631822E-03  -2.9036976651E-01  -1.0948924649E-02   8.6901829882E-02  -1.0710324780E-01
    1      5.3524493120E-02  -1.2036060799E-02  -4.5428369844E-02   9.4774348612E-03  -8.3462308433E-02
    2     -1.8765610271E-01   8.6810153530E-02   8.9834770223E-03  -6.9556151749E-02  -8.6510126001E-02
    3     -2.2863229817E-01   2.1662723858E-03  -1.3416729355E-02   3.2923406543E-02   2.2452571855E-04
    4      9.9001221009E-02   1.6062535896E-03  -1.6081024548E-03  -4.7521610614E-05   1.5682279460E-03
    5      9.0007593735E-01   1.0631918732E-03  -1.1887526693E-03  -8.5742533363E-03   2.7960645146E-03
    6      1.0631918732E-03   3.0845330698E-01   1.3952125671E-02  -9.3395623790E-02  -1.2710977703E-02
    7     -1.1887526693E-03   1.3952125671E-02   4.2359567438E-02  -7.7398742214E-03  -1.6696399490E-02
    8     -8.5742533363E-03  -9.3395623790E-02  -7.7398742214E-03   7.6727758968E-02  -1.8465798443E-02
    9      2.7960645146E-03  -1.2710977703E-02  -1.6696399490E-02  -1.8465798443E-02   1.1317696001E-01
   10      5.3325685493E-03  -1.1109060241E-04  -1.2110549184E-03  -8.0530359106E-04   9.1258559389E-02
   11     -1.9475489391E-02   5.5498496559E-03   7.1322804091E-03   7.3791256480E-03   9.1398245752E-02
   12      5.4083271884E-04  -7.7778441378E-03   2.4630562317E-02  -1.8418210023E-03   7.6246175690E-03
   13     -4.5373153796E-03  -2.4418510599E-03   5.2486204376E-03  -1.2987253298E-04   7.3374547328E-03
   14      2.5678275213E-03   2.4500231052E-03  -9.5986951059E-03  -6.1222335623E-04   9.8403079232E-03
   15      9.1509021626E-03  -4.8668596087E-05   1.7513308297E-03  -2.0862810443E-03  -6.0900465115E-05
   16      3.5002252397E-02   1.0281304224E-03  -7.6112908782E-04  -1.6094352109E-03   7.8135734258E-04
   17     -1.0475509810E-01  -1.1551411159E-03   8.4887231238E-04   7.9917158075E-04  -6.6240100874E-05
   18     -3.2567704242E-02   3.1452126592E-04  -8.5555216845E-05  -1.5501350667E-05   1.8675999078E-04
   19      2.3920422435E-02  -6.3716720892E-04   5.1198035464E-04  -2.0399991064E-04   1.6878752815E-04
   20      6.1173508081E-03   5.3570798096E-04  -4.6462259552E-04  -2.6536259809E-04  -6.7816184439E-05
   21      3.2612008240E-03  -2.9441325962E-05   1.2622110116E-05   5.0015229761E-05  -1.1944847184E-06
   22      5.7553766591E-03  -1.2142795076E-05  -1.2088946096E-05   5.2562918390E-05  -1.5471186597E-05
   23     -4.3176300084E-03   1.1829546612E-05  -2.9294174480E-07   3.1826204048E-05  -2.9525231623E-05
   24      4.3060963165E-04   1.8283667565E-07  -1.3313842860E-05   2.4452001331E-05  -2.8564739158E-06
   25     -4.3732483121E-04   1.0365918621E-05  -1.9100681491E-06  -1.6836849817E-05  -7.9882620965E-07
   26      2.4056027349E-04   3.7661002500E-07  -3.9653259597E-06   6.2262196990E-06   3.2807930003E-06
   27     -1.3867985617E-03  -1.2991827550E-06   2.0908882997E-06  -1.4534282915E-06  -1.6905906976E-07
   28      1.2866493256E-03   5.2263517457E-06  -1.3478574724E-05   1.3575864202E-05   4.2207717602E-07
   29      1.0612526195E-04  -1.8750092629E-07  -5.6731210276E-06   6.5441455111E-06  -4.8759650803E-07
   30      1.8893610703E-05  -4.0938976950E-06  -4.5439385593E-09  -2.1542214942E-06   2.1698100712E-06
   31     -1.2557671459E-04   1.5848089182E-06  -1.0156816139E-05   1.8201534359E-06  -4.1309381318E-06
   32      5.0091479276E-04  -1.2628692248E-06   3.7576289012E-06  -5.0267164191E-06   3.2220282668E-06
   33      2.4450919789E-01  -1.5701310831E-04   8.0885912144E-04  -3.8122173893E-03  -1.2250963596E-03
   34     -2.1113211359E-01  -1.5520781283E-03   9.8913318528E-04   1.0330783423E-03  -9.8347425721E-04
   35     -5.8204985918E-01  -1.6034576207E-03   1.9751839250E-03  -6.1427349073E-03   1.1257216429E-03
   36      5.8482843296E-03   1.6482099430E-04   3.0429201603E-06  -2.7214555740E-04  -1.1059075364E-04
   37     -6.4051213018E-03   1.8699707033E-04  -6.3010705833E-05  -2.6923505571E-05   3.7949390852E-05
   38     -2.7802832688E-03  -2.7216683419E-04   5.9599976375E-05   2.0509989694E-04  -3.5891401499E-05
                   10                 11                 12                 13                 14        
    0     -8.3654233856E-02  -8.7866739893E-02  -9.8163956365E-02   1.0923241602E-01   4.0706811383E-03
    1     -1.4946375738E-01  -1.0239609646E-01   1.1085566978E-01  -2.7985017854E-01  -6.7593688351E-03
    2     -1.0135984773E-01  -1.4405121492E-01   5.7680766306E-04   7.7516016335E-04  -4.7647509450E-02
    3      1.0434640663E-02  -1.6349665651E-02  -2.0292012359E-03   4.2642671654E-03  -1.3783467371E-02
    4      1.0000854899E-02  -2.2821205710E-02  -2.3060333402E-03  -9.8574366080E-03   2.7345327638E-02
    5      5.3325685493E-03  -1.9475489391E-02   5.4083271884E-04  -4.5373153796E-03   2.5678275213E-03
    6     -1.1109060241E-04   5.5498496559E-03  -7.7778441378E-03  -2.4418510599E-03   2.4500231052E-03
    7     -1.2110549184E-03   7.1322804091E-03   2.4630562317E-02   5.2486204376E-03  -9.5986951059E-03
    8     -8.0530359106E-04   7.3791256480E-03  -1.8418210023E-03  -1.2987253298E-04  -6.1222335623E-04
    9      9.1258559389E-02   9.1398245752E-02   7.6246175690E-03   7.3374547328E-03   9.8403079232E-03
   10      1.5438108538E-01   1.1027077305E-01  -1.4629416103E-02  -1.2152595137E-02  -1.5390158575E-02
   11      1.1027077305E-01   1.5608705888E-01   1.6690626820E-03   1.9531469520E-03   9.2092150784E-04
   12     -1.4629416103E-02   1.6690626820E-03   9.8482036702E-02  -1.1853036713E-01  -1.2020675576E-03
   13     -1.2152595137E-02   1.9531469520E-03  -1.1853036713E-01   2.9594643096E-01  -1.5184279029E-04
   14     -1.5390158575E-02   9.2092150784E-04  -1.2020675576E-03  -1.5184279029E-04   4.8572553081E-02
   15      5.1728208071E-06   1.9024641172E-03   1.5309745626E-03   3.3732269741E-04  -2.6951937785E-04
   16     -1.8672027519E-03   1.4047921680E-03   8.4239156946E-04  -2.0426990957E-03   6.3934726494E-03
   17      8.7654682735E-04   1.7880581884E-03   1.4110448130E-04   3.6685247843E-03  -6.7344097347E-03
   18     -2.0081809091E-04   6.2245414315E-04   3.5453093732E-04   1.2533999060E-03  -1.8839285701E-03
   19      7.1607422892E-04   2.5762001540E-04  -1.0758391695E-04   1.3468607613E-03  -8.9072366683E-04
   20     -1.2167407422E-03   3.9122611869E-04   2.9503317550E-04  -1.1244579326E-03   1.4262987095E-03
   21      1.2211098261E-04  -1.1930092186E-04  -2.0517269511E-05  -9.1205425030E-05   1.1402164202E-04
   22      7.4941326460E-05  -1.9389578966E-04  -6.7606736333E-05  -2.5490264152E-04   4.3207211787E-04
   23      6.3357536364E-05  -1.1796025895E-04  -4.4703529006E-05   1.3051040579E-04  -3.1592132319E-04
   24      1.8300209687E-05  -4.3760780809E-05  -1.9939702541E-05  -1.5877352489E-05   1.0254446351E-05
   25     -3.5689312581E-05   3.6028186034E-05   9.9875351363E-06   3.0297510186E-06   5.0301167743E-07
   26      5.1608030581E-06  -9.6205687568E-06  -2.0537070834E-06   1.1185997008E-07  -1.6853757224E-07
   27      1.5914809380E-06   7.4953549685E-06   1.7244779407E-06   6.9194082777E-05  -1.3275537841E-04
   28      7.3503585142E-08  -2.3373237795E-05  -1.5471591081E-05  -6.2908865091E-05   1.1161865976E-04
   29      4.3673906230E-06  -1.6444131312E-05  -1.0209635054E-05   9.8229561769E-09  -1.7507779441E-05
   30     -1.1077110700E-05   2.3346037217E-05   7.3511125911E-06   7.6178374933E-06  -1.0808473928E-06
   31      5.4336439335E-07  -1.7587769407E-05  -9.5665004316E-06  -1.0927796656E-05   3.1991361696E-06
   32      1.0462863370E-05   9.7834991736E-07   3.2444225239E-06   6.6800169181E-06  -2.3014508305E-06
   33     -2.9986058225E-03   3.3104875987E-03  -1.1130264364E-04  -8.4743765325E-04  -3.7449741475E-05
   34     -3.3357676707E-04   4.2202767827E-03  -8.2399633057E-04   1.9050752259E-03  -1.7156332441E-03
   35      1.9390284525E-03  -2.8710216444E-03   5.1776299091E-05  -9.9163819615E-04   2.4247173141E-03
   36     -2.2530923552E-04  -9.4895787652E-05   1.2152599324E-04  -5.7618466397E-04   8.2455088757E-04
   37     -1.0969642795E-04   1.7576143339E-04   1.5268128181E-04  -2.1836845545E-04   2.1539327728E-04
   38      2.7126513997E-04  -2.5617776879E-05  -1.7657631000E-04   4.0581855340E-04  -5.8227650244E-04
                   15                 16                 17                 18                 19        
    0      7.7806245271E-03   2.2585675522E-02  -1.7162012279E-02  -2.7498370946E-03   6.2741997074E-05
    1      1.0353406993E-02  -2.9567903181E-02   3.8597699329E-02   7.9074637148E-03   2.2559107650E-03
    2     -4.0698859410E-03   1.4400162221E-02  -5.8790798659E-03   8.4222531910E-04  -4.0770762494E-03
    3     -8.8202810479E-02   2.1159988001E-02   2.6437216643E-02   1.7314837234E-02   2.8584562509E-02
    4      3.4545525023E-02  -1.2087026377E-01   3.6098399899E-03  -3.8258361995E-03  -7.2513598638E-02
    5      9.1509021626E-03   3.5002252397E-02  -1.0475509810E-01  -3.2567704242E-02   2.3920422435E-02
    6     -4.8668596087E-05   1.0281304224E-03  -1.1551411159E-03   3.1452126592E-04  -6.3716720892E-04
    7      1.7513308297E-03  -7.6112908782E-04   8.4887231238E-04  -8.5555216845E-05   5.1198035464E-04
    8     -2.0862810443E-03  -1.6094352109E-03   7.9917158075E-04  -1.5501350667E-05  -2.0399991064E-04
    9     -6.0900465115E-05   7.8135734258E-04  -6.6240100874E-05   1.8675999078E-04   1.6878752815E-04
   10      5.1728208071E-06  -1.8672027519E-03   8.7654682735E-04  -2.0081809091E-04   7.1607422892E-04
   11      1.9024641172E-03   1.4047921680E-03   1.7880581884E-03   6.2245414315E-04   2.5762001540E-04
   12      1.5309745626E-03   8.4239156946E-04   1.4110448130E-04   3.5453093732E-04  -1.0758391695E-04
   13      3.3732269741E-04  -2.0426990957E-03   3.6685247843E-03   1.2533999060E-03   1.3468607613E-03
   14     -2.6951937785E-04   6.3934726494E-03  -6.7344097347E-03  -1.8839285701E-03  -8.9072366683E-04
   15      1.9231337977E-01  -1.0130711685E-01  -8.8537447125E-02  -9.4885458273E-02   7.0623048333E-03
   16     -1.0130711685E-01   3.6671645805E-01  -1.1230557609E-01   3.3771306391E-02  -1.1555493495E-01
   17     -8.8537447125E-02  -1.1230557609E-01   2.4622508522E-01   9.1332817445E-03   3.6896539334E-02
   18     -9.4885458273E-02   3.3771306391E-02   9.1332817445E-03   9.0115858303E-01  -7.2789095106E-02
   19      7.0623048333E-03  -1.1555493495E-01   3.6896539334E-02  -7.2789095106E-02   4.0455721200E-01
   20      2.9777198480E-02   1.8396055419E-02  -1.0212209252E-01  -2.6919139978E-01  -9.8879293729E-02
   21      3.9576428952E-03   7.0803128464E-03  -3.1905132607E-03  -1.6128497455E-01   6.1330891170E-02
   22      2.7625300159E-02  -2.9290874320E-02   1.8759519231E-02   6.3546478898E-02  -1.3432397165E-01
   23     -1.8362867938E-02   3.4586321299E-02  -2.2784441772E-03  -1.8058227065E-02   3.3573273076E-03
   24      2.1360748592E-03   9.6248860333E-04   1.6096707415E-03  -2.2219867848E-02  -1.7903932006E-02
   25     -7.3766524757E-05  -2.0374175380E-03   8.3224471641E-06   1.3580654736E-02   1.4890231548E-02
   26      6.2239504191E-05   1.1803636580E-03  -2.9537478872E-04   7.5208854400E-04  -1.8486597736E-03
   27     -4.2922199356E-03   6.7595336224E-03  -1.5833236584E-03   6.5073928457E-03   2.0059615995E-02
   28      4.1723411119E-03  -3.9584191687E-03   1.5216226612E-03  -8.0364075001E-03  -1.2581025282E-02
   29     -4.3266090084E-04   1.8686143021E-03   1.0659857460E-03   1.4425216337E-03  -5.9663993935E-04
   30      4.7358147304E-04  -2.2209254938E-03  -1.1856779390E-03  -7.5352203340E-03   8.0694126372E-03
   31      3.8472360387E-04   2.7913135081E-04   2.0872449771E-03   6.9700959545E-05  -5.6319998844E-03
   32     -1.0474466475E-03   1.2862731484E-03  -7.4241583876E-04   1.6896671569E-03   2.8263607104E-03
   33     -1.6534738415E-02   6.1903210604E-02   1.9701395552E-02  -7.4657205822E-03  -1.3329243515E-02
   34      5.3030111515E-02  -5.4746699241E-02  -3.7852031429E-02  -9.6055301862E-05   1.6342389051E-02
   35      3.1483336099E-02  -5.6144062204E-02   1.6869079782E-02   1.0387258026E-02   1.2020775607E-02
   36     -4.1674819243E-03  -5.3203224971E-02   5.5783763889E-02  -6.2969554662E-01  -2.0649072300E-02
   37     -3.8029783824E-02  -6.2980462930E-03   4.3318547549E-02  -3.5017459808E-02  -1.0001512829E-01
   38      4.2503891038E-02   5.5505094317E-02  -4.3940465487E-02   2.9683095626E-01   2.7243467264E-02
                   20                 21                 22                 23                 24        
    0      3.6067482295E-03  -1.9290343237E-04   2.7367202647E-04  -6.5706244911E-04  -1.4427401408E-04
    1     -2.7444023156E-03  -7.6435527744E-04  -1.7493564925E-03   8.5506145278E-04  -1.5248092174E-04
    2      4.9764043385E-03  -3.0117932234E-04  -3.2722694275E-04  -1.6637225989E-04  -4.6988693926E-05
    3     -4.7037074720E-02   3.6182956691E-03  -1.7134893634E-03   3.7745638019E-03   2.1891122934E-04
    4      6.0602472917E-02  -3.7420039633E-03   5.0614168100E-03  -2.6031266784E-03   4.8977332674E-04
    5      6.1173508081E-03   3.2612008240E-03   5.7553766591E-03  -4.3176300084E-03   4.3060963165E-04
    6      5.3570798096E-04  -2.9441325962E-05  -1.2142795076E-05   1.1829546612E-05   1.8283667565E-07
    7     -4.6462259552E-04   1.2622110116E-05  -1.2088946096E-05  -2.9294174480E-07  -1.3313842860E-05
    8     -2.6536259809E-04   5.0015229761E-05   5.2562918390E-05   3.1826204048E-05   2.4452001331E-05
    9     -6.7816184439E-05  -1.1944847184E-06  -1.5471186597E-05  -2.9525231623E-05  -2.8564739158E-06
   10     -1.2167407422E-03   1.2211098261E-04   7.4941326460E-05   6.3357536364E-05   1.8300209687E-05
   11      3.9122611869E-04  -1.1930092186E-04  -1.9389578966E-04  -1.1796025895E-04  -4.3760780809E-05
   12      2.9503317550E-04  -2.0517269511E-05  -6.7606736333E-05  -4.4703529006E-05  -1.9939702541E-05
   13     -1.1244579326E-03  -9.1205425030E-05  -2.5490264152E-04   1.3051040579E-04  -1.5877352489E-05
   14      1.4262987095E-03   1.1402164202E-04   4.3207211787E-04  -3.1592132319E-04   1.0254446351E-05
   15      2.9777198480E-02   3.9576428952E-03   2.7625300159E-02  -1.8362867938E-02   2.1360748592E-03
   16      1.8396055419E-02   7.0803128464E-03  -2.9290874320E-02   3.4586321299E-02   9.6248860333E-04
   17     -1.0212209252E-01  -3.1905132607E-03   1.8759519231E-02  -2.2784441772E-03   1.6096707415E-03
   18     -2.6919139978E-01  -1.6128497455E-01   6.3546478898E-02  -1.8058227065E-02  -2.2219867848E-02
   19     -9.8879293729E-02   6.1330891170E-02  -1.3432397165E-01   3.3573273076E-03  -1.7903932006E-02
   20      4.3299288851E-01  -1.5533098121E-02   4.2063969343E-03  -8.8670139377E-02  -9.1361020945E-03
   21     -1.5533098121E-02   5.0919369534E-01   3.8510945128E-02  -2.5725218752E-02  -1.9467673704E-01
   22      4.2063969343E-03   3.8510945128E-02   5.6220348095E-01  -3.4984388503E-02  -1.1548214019E-01
   23     -8.8670139377E-02  -2.5725218752E-02  -3.4984388503E-02   5.7593310216E-01  -7.7967758794E-02
   24     -9.1361020945E-03  -1.9467673704E-01  -1.1548214019E-01  -7.7967758794E-02   2.1036782573E-01
   25      1.0096867966E-02  -1.1392076809E-01  -1.3011847541E-01  -5.2400015893E-02   1.2197348090E-01
   26     -2.0974729224E-03  -7.6838001250E-02  -5.2518859567E-02  -7.5397877350E-02   8.1424787963E-02
   27     -1.7566971145E-02  -5.8690656854E-02  -4.5899859453E-02   3.8212510729E-02  -2.3502804236E-03
   28      9.9426868676E-03  -3.9341606590E-02  -2.1213142813E-01   1.3247855829E-01  -3.6684125334E-04
   29     -3.1779264274E-03   3.3640329941E-02   1.3496380928E-01  -1.5472930956E-01  -1.2791341677E-03
   30      2.8351067226E-02  -5.9496258628E-02   2.8968013367E-02   7.0337355803E-02   7.7987485169E-03
   31     -1.8871288687E-02   2.8511938960E-02  -7.5896511169E-02  -7.9872094130E-02   5.5170577001E-03
   32      5.1290087682E-03   7.0293889717E-02  -8.1046975921E-02  -2.7024577414E-01   3.6277320335E-03
   33      1.7064000494E-02  -4.0465995946E-04   9.3147734935E-04  -1.3015724194E-03   6.4554990492E-05
   34     -1.7621402304E-02   9.7946898499E-04  -8.5664090929E-04   1.2799917492E-03   1.0602425736E-04
   35     -1.8345133305E-02  -2.1908768489E-05  -2.1342337456E-03   2.0730087604E-03  -1.6851038165E-04
   36      2.7891901464E-01  -4.1972290364E-02   3.3475743766E-03   2.9813316847E-02  -1.1723426591E-03
   37      3.7651608798E-02   2.1298897584E-02   1.7294410579E-02  -2.8839571971E-03   4.8669143000E-03
   38     -2.3635505010E-01   1.4367122496E-02   7.0285906264E-03   1.8201491331E-02   1.5192024409E-03
                   25                 26                 27                 28                 29        
    0      1.1226058488E-04  -5.4206302380E-05  -1.7895310343E-04   8.8290973116E-05  -7.5510651945E-05
    1      1.1312489048E-04  -3.0208225898E-05   4.3496118168E-04  -4.0282948494E-04   2.5426681797E-05
    2      1.1414478538E-04  -2.2553583089E-05   4.7079516485E-06  -3.1257656088E-05   4.1200071925E-06
    3     -1.0971467719E-03   2.1339224463E-04   8.8947938300E-04  -8.7678921237E-04   4.2582435192E-04
    4      8.5424768796E-04   3.4680880564E-05  -1.1748144136E-03   2.0782797243E-03  -5.2273897841E-04
    5     -4.3732483121E-04   2.4056027349E-04  -1.3867985617E-03   1.2866493256E-03   1.0612526195E-04
    6      1.0365918621E-05   3.7661002500E-07  -1.2991827550E-06   5.2263517457E-06  -1.8750092629E-07
    7     -1.9100681491E-06  -3.9653259597E-06   2.0908882997E-06  -1.3478574724E-05  -5.6731210276E-06
    8     -1.6836849817E-05   6.2262196990E-06  -1.4534282915E-06   1.3575864202E-05   6.5441455111E-06
    9     -7.9882620965E-07   3.2807930003E-06  -1.6905906976E-07   4.2207717602E-07  -4.8759650803E-07
   10     -3.5689312581E-05   5.1608030581E-06   1.5914809380E-06   7.3503585142E-08   4.3673906230E-06
   11      3.6028186034E-05  -9.6205687568E-06   7.4953549685E-06  -2.3373237795E-05  -1.6444131312E-05
   12      9.9875351363E-06  -2.0537070834E-06   1.7244779407E-06  -1.5471591081E-05  -1.0209635054E-05
   13      3.0297510186E-06   1.1185997008E-07   6.9194082777E-05  -6.2908865091E-05   9.8229561769E-09
   14      5.0301167743E-07  -1.6853757224E-07  -1.3275537841E-04   1.1161865976E-04  -1.7507779441E-05
   15     -7.3766524757E-05   6.2239504191E-05  -4.2922199356E-03   4.1723411119E-03  -4.3266090084E-04
   16     -2.0374175380E-03   1.1803636580E-03   6.7595336224E-03  -3.9584191687E-03   1.8686143021E-03
   17      8.3224471641E-06  -2.9537478872E-04  -1.5833236584E-03   1.5216226612E-03   1.0659857460E-03
   18      1.3580654736E-02   7.5208854400E-04   6.5073928457E-03  -8.0364075001E-03   1.4425216337E-03
   19      1.4890231548E-02  -1.8486597736E-03   2.0059615995E-02  -1.2581025282E-02  -5.9663993935E-04
   20      1.0096867966E-02  -2.0974729224E-03  -1.7566971145E-02   9.9426868676E-03  -3.1779264274E-03
   21     -1.1392076809E-01  -7.6838001250E-02  -5.8690656854E-02  -3.9341606590E-02   3.3640329941E-02
   22     -1.3011847541E-01  -5.2518859567E-02  -4.5899859453E-02  -2.1213142813E-01   1.3496380928E-01
   23     -5.2400015893E-02  -7.5397877350E-02   3.8212510729E-02   1.3247855829E-01  -1.5472930956E-01
   24      1.2197348090E-01   8.1424787963E-02  -2.3502804236E-03  -3.6684125334E-04  -1.2791341677E-03
   25      1.3483634739E-01   5.9115512028E-02  -1.5050297915E-02  -9.8137039172E-03  -1.0211985429E-02
   26      5.9115512028E-02   7.8237724953E-02   1.5221687459E-02   8.8429477915E-03   8.4969331014E-03
   27     -1.5050297915E-02   1.5221687459E-02   5.8965332065E-02   4.2715790629E-02  -3.6629707643E-02
   28     -9.8137039172E-03   8.8429477915E-03   4.2715790629E-02   2.2427454923E-01  -1.4498509055E-01
   29     -1.0211985429E-02   8.4969331014E-03  -3.6629707643E-02  -1.4498509055E-01   1.5952477169E-01
   30     -7.8781271030E-03  -2.1130425745E-02  -2.2663224331E-03   2.2575457958E-03   3.0693528309E-03
   31     -5.5695161288E-03  -1.3833401758E-02  -6.5477922883E-03   1.1021844370E-02   2.0371600053E-02
   32     -2.7450894497E-03  -8.7832025821E-03   3.1756479543E-03  -7.2655184431E-03  -1.1812694692E-02
   33      2.0397430605E-04  -8.0176602401E-05  -3.9812250618E-04   3.8411274789E-04  -2.0307506556E-04
   34     -2.4360569637E-04   6.8598137263E-05   4.2052404218E-04  -4.7623870425E-04   3.1387750837E-04
   35     -1.8326799471E-04  -7.9349498486E-05   6.1838622346E-04  -6.2537719023E-04   2.0875269183E-04
   36      2.1307275120E-03   4.2255614324E-04   1.8140947262E-03  -9.9363615719E-04   5.7033854600E-05
   37     -2.8766632006E-03  -1.0161591841E-03  -1.7835152360E-03   2.0652852958E-03  -1.2285009279E-03
   38     -3.3729793000E-03  -2.9582471658E-04   5.6484690716E-05  -1.2641184718E-03   3.4064994807E-04
                   30                 31                 32                 33                 34        
    0      4.4665742528E-05  -1.1861409319E-05   8.7759004594E-06   2.0835242457E-02   3.6423155719E-03
    1      4.1690861600E-05  -1.6842168981E-05  -2.1382687476E-05   1.0029089319E-02   1.6481602652E-02
    2      3.6563653024E-05   2.0393248082E-06  -2.8023867405E-05   1.4590524634E-02   3.7950837943E-03
    3     -3.4706357173E-04  -1.7095646467E-04   4.3254250012E-04  -1.9306453641E-01   1.1457521343E-01
    4     -1.4252372519E-05   4.1142574211E-04  -7.5707062644E-04   1.0824536006E-01  -1.9049018839E-01
    5      1.8893610703E-05  -1.2557671459E-04   5.0091479276E-04   2.4450919789E-01  -2.1113211359E-01
    6     -4.0938976950E-06   1.5848089182E-06  -1.2628692248E-06  -1.5701310831E-04  -1.5520781283E-03
    7     -4.5439385593E-09  -1.0156816139E-05   3.7576289012E-06   8.0885912144E-04   9.8913318528E-04
    8     -2.1542214942E-06   1.8201534359E-06  -5.0267164191E-06  -3.8122173893E-03   1.0330783423E-03
    9      2.1698100712E-06  -4.1309381318E-06   3.2220282668E-06  -1.2250963596E-03  -9.8347425721E-04
   10     -1.1077110700E-05   5.4336439335E-07   1.0462863370E-05  -2.9986058225E-03  -3.3357676707E-04
   11      2.3346037217E-05  -1.7587769407E-05   9.7834991736E-07   3.3104875987E-03   4.2202767827E-03
   12      7.3511125911E-06  -9.5665004316E-06   3.2444225239E-06  -1.1130264364E-04  -8.2399633057E-04
   13      7.6178374933E-06  -1.0927796656E-05   6.6800169181E-06  -8.4743765325E-04   1.9050752259E-03
   14     -1.0808473928E-06   3.1991361696E-06  -2.3014508305E-06  -3.7449741475E-05  -1.7156332441E-03
   15      4.7358147304E-04   3.8472360387E-04  -1.0474466475E-03  -1.6534738415E-02   5.3030111515E-02
   16     -2.2209254938E-03   2.7913135081E-04   1.2862731484E-03   6.1903210604E-02  -5.4746699241E-02
   17     -1.1856779390E-03   2.0872449771E-03  -7.4241583876E-04   1.9701395552E-02  -3.7852031429E-02
   18     -7.5352203340E-03   6.9700959545E-05   1.6896671569E-03  -7.4657205822E-03  -9.6055301862E-05
   19      8.0694126372E-03  -5.6319998844E-03   2.8263607104E-03  -1.3329243515E-02   1.6342389051E-02
   20      2.8351067226E-02  -1.8871288687E-02   5.1290087682E-03   1.7064000494E-02  -1.7621402304E-02
   21     -5.9496258628E-02   2.8511938960E-02   7.0293889717E-02  -4.0465995946E-04   9.7946898499E-04
   22      2.8968013367E-02  -7.5896511169E-02  -8.1046975921E-02   9.3147734935E-04  -8.5664090929E-04
   23      7.0337355803E-02  -7.9872094130E-02  -2.7024577414E-01  -1.3015724194E-03   1.2799917492E-03
   24      7.7987485169E-03   5.5170577001E-03   3.6277320335E-03   6.4554990492E-05   1.0602425736E-04
   25     -7.8781271030E-03  -5.5695161288E-03  -2.7450894497E-03   2.0397430605E-04  -2.4360569637E-04
   26     -2.1130425745E-02  -1.3833401758E-02  -8.7832025821E-03  -8.0176602401E-05   6.8598137263E-05
   27     -2.2663224331E-03  -6.5477922883E-03   3.1756479543E-03  -3.9812250618E-04   4.2052404218E-04
   28      2.2575457958E-03   1.1021844370E-02  -7.2655184431E-03   3.8411274789E-04  -4.7623870425E-04
   29      3.0693528309E-03   2.0371600053E-02  -1.1812694692E-02  -2.0307506556E-04   3.1387750837E-04
   30      6.6510191445E-02  -3.0729554151E-02  -7.5504997890E-02   1.7824428838E-04  -1.4434657795E-04
   31     -3.0729554151E-02   7.5347509842E-02   8.8646215864E-02  -4.9850010127E-05   3.0312852813E-05
   32     -7.5504997890E-02   8.8646215864E-02   2.8591193500E-01  -2.1183509908E-04   2.8292430840E-04
   33      1.7824428838E-04  -4.9850010127E-05  -2.1183509908E-04   1.9140072706E-01  -1.6546100456E-01
   34     -1.4434657795E-04   3.0312852813E-05   2.8292430840E-04  -1.6546100456E-01   2.2078398860E-01
   35     -2.4642523947E-04   1.0604376772E-04   1.0340340122E-04  -2.8904983255E-01   2.5189945930E-01
   36     -5.3659935233E-03   3.0357564672E-03  -2.4770751564E-03   6.8824211865E-03  -3.7073436733E-03
   37      1.6569561170E-03   4.5186442171E-05  -1.2276750272E-03   1.9469908244E-04  -9.3855518539E-03
   38     -3.7579213297E-03   1.5028233983E-03  -2.6801022619E-05  -4.4672115447E-03   5.4328879469E-03
                   35                 36                 37                 38        
     0      2.7200208333E-02   1.6656836802E-03   4.2266044347E-04  -1.2770521720E-03
     1     -1.7650422571E-02  -2.6092748359E-03  -4.1710772878E-05   1.2575663948E-03
     2     -4.3786802610E-02   7.0072948684E-04   8.3182422009E-04  -8.7451291455E-04
     3      2.2880889663E-01  -1.6568318036E-02  -6.2117219400E-03   1.5765520178E-02
     4     -1.9268542849E-01   2.1226703609E-02   1.0216563509E-02  -2.2192520340E-02
     5     -5.8204985918E-01   5.8482843296E-03  -6.4051213018E-03  -2.7802832688E-03
     6     -1.6034576207E-03   1.6482099430E-04   1.8699707033E-04  -2.7216683419E-04
     7      1.9751839250E-03   3.0429201603E-06  -6.3010705833E-05   5.9599976375E-05
     8     -6.1427349073E-03  -2.7214555740E-04  -2.6923505571E-05   2.0509989694E-04
     9      1.1257216429E-03  -1.1059075364E-04   3.7949390852E-05  -3.5891401499E-05
    10      1.9390284525E-03  -2.2530923552E-04  -1.0969642795E-04   2.7126513997E-04
    11     -2.8710216444E-03  -9.4895787652E-05   1.7576143339E-04  -2.5617776879E-05
    12      5.1776299091E-05   1.2152599324E-04   1.5268128181E-04  -1.7657631000E-04
    13     -9.9163819615E-04  -5.7618466397E-04  -2.1836845545E-04   4.0581855340E-04
    14      2.4247173141E-03   8.2455088757E-04   2.1539327728E-04  -5.8227650244E-04
    15      3.1483336099E-02  -4.1674819243E-03  -3.8029783824E-02   4.2503891038E-02
    16     -5.6144062204E-02  -5.3203224971E-02  -6.2980462930E-03   5.5505094317E-02
    17      1.6869079782E-02   5.5783763889E-02   4.3318547549E-02  -4.3940465487E-02
    18      1.0387258026E-02  -6.2969554662E-01  -3.5017459808E-02   2.9683095626E-01
    19      1.2020775607E-02  -2.0649072300E-02  -1.0001512829E-01   2.7243467264E-02
    20     -1.8345133305E-02   2.7891901464E-01   3.7651608798E-02  -2.3635505010E-01
    21     -2.1908768489E-05  -4.1972290364E-02   2.1298897584E-02   1.4367122496E-02
    22     -2.1342337456E-03   3.3475743766E-03   1.7294410579E-02   7.0285906264E-03
    23      2.0730087604E-03   2.9813316847E-02  -2.8839571971E-03   1.8201491331E-02
    24     -1.6851038165E-04  -1.1723426591E-03   4.8669143000E-03   1.5192024409E-03
    25     -1.8326799471E-04   2.1307275120E-03  -2.8766632006E-03  -3.3729793000E-03
    26     -7.9349498486E-05   4.2255614324E-04  -1.0161591841E-03  -2.9582471658E-04
    27      6.1838622346E-04   1.8140947262E-03  -1.7835152360E-03   5.6484690716E-05
    28     -6.2537719023E-04  -9.9363615719E-04   2.0652852958E-03  -1.2641184718E-03
    29      2.0875269183E-04   5.7033854600E-05  -1.2285009279E-03   3.4064994807E-04
    30     -2.4642523947E-04  -5.3659935233E-03   1.6569561170E-03  -3.7579213297E-03
    31      1.0604376772E-04   3.0357564672E-03   4.5186442171E-05   1.5028233983E-03
    32      1.0340340122E-04  -2.4770751564E-03  -1.2276750272E-03  -2.6801022619E-05
    33     -2.8904983255E-01   6.8824211865E-03   1.9469908244E-04  -4.4672115447E-03
    34      2.5189945930E-01  -3.7073436733E-03  -9.3855518539E-03   5.4328879469E-03
    35      6.2473227644E-01  -8.5976844452E-03   2.4689420482E-03   6.8636627543E-03
    36     -8.5976844452E-03   6.8840401730E-01   5.2222483245E-02  -3.6099190332E-01
    37      2.4689420482E-03   5.2222483245E-02   8.9386730173E-02  -7.1875617843E-02
    38      6.8636627543E-03  -3.6099190332E-01  -7.1875617843E-02   2.5926992786E-01

$vibrational_frequencies
39
    0        0.0000000000000000
    1        0.0000000000000000
    2        0.0000000000000000
    3        0.0000000000000000
    4        0.0000000000000000
    5        0.0000000000000000
    6       43.3911522581266382
    7       82.3383332966217409
    8      112.5998266727447117
    9      114.8834080550011691
   10      190.0867317936063898
   11      341.6312810104959112
   12      420.9473749647474392
   13      539.2686982191590914
   14      558.8290452700357491
   15      596.5104940291189450
   16      686.7100872253402031
   17      823.0378541206747514
   18      927.0497584516173220
   19      998.8447003943703066
   20     1017.4832328119796330
   21     1044.2182629330052350
   22     1053.3410454715799460
   23     1139.0005306780217325
   24     1240.6283411958909255
   25     1365.1654156797194446
   26     1373.3654747138175480
   27     1416.0418621458563848
   28     1416.4305899145917920
   29     1425.1867317567302962
   30     1426.2721014211181227
   31     1826.1331610194636141
   32     1890.3270304340696839
   33     3047.9250998049647023
   34     3048.4272941872450247
   35     3128.9445791651414766
   36     3129.2280027643482754
   37     3178.0862506388189104
   38     3178.7080601809830114

$normal_modes
39 39
                    0                  1                  2                  3                  4        
    0      0.0000000000E+00   0.0000000000E+00   0.0000000000E+00   0.0000000000E+00   0.0000000000E+00
    1      0.0000000000E+00   0.0000000000E+00   0.0000000000E+00   0.0000000000E+00   0.0000000000E+00
    2      0.0000000000E+00   0.0000000000E+00   0.0000000000E+00   0.0000000000E+00   0.0000000000E+00
    3      0.0000000000E+00   0.0000000000E+00   0.0000000000E+00   0.0000000000E+00   0.0000000000E+00
    4      0.0000000000E+00   0.0000000000E+00   0.0000000000E+00   0.0000000000E+00   0.0000000000E+00
    5      0.0000000000E+00   0.0000000000E+00   0.0000000000E+00   0.0000000000E+00   0.0000000000E+00
    6      0.0000000000E+00   0.0000000000E+00   0.0000000000E+00   0.0000000000E+00   0.0000000000E+00
    7      0.0000000000E+00   0.0000000000E+00   0.0000000000E+00   0.0000000000E+00   0.0000000000E+00
    8      0.0000000000E+00   0.0000000000E+00   0.0000000000E+00   0.0000000000E+00   0.0000000000E+00
    9      0.0000000000E+00   0.0000000000E+00   0.0000000000E+00   0.0000000000E+00   0.0000000000E+00
   10      0.0000000000E+00   0.0000000000E+00   0.0000000000E+00   0.0000000000E+00   0.0000000000E+00
   11      0.0000000000E+00   0.0000000000E+00   0.0000000000E+00   0.0000000000E+00   0.0000000000E+00
   12      0.0000000000E+00   0.0000000000E+00   0.0000000000E+00   0.0000000000E+00   0.0000000000E+00
   13      0.0000000000E+00   0.0000000000E+00   0.0000000000E+00   0.0000000000E+00   0.0000000000E+00
   14      0.0000000000E+00   0.0000000000E+00   0.0000000000E+00   0.0000000000E+00   0.0000000000E+00
   15      0.0000000000E+00   0.0000000000E+00   0.0000000000E+00   0.0000000000E+00   0.0000000000E+00
   16      0.0000000000E+00   0.0000000000E+00   0.0000000000E+00   0.0000000000E+00   0.0000000000E+00
   17      0.0000000000E+00   0.0000000000E+00   0.0000000000E+00   0.0000000000E+00   0.0000000000E+00
   18      0.0000000000E+00   0.0000000000E+00   0.0000000000E+00   0.0000000000E+00   0.0000000000E+00
   19      0.0000000000E+00   0.0000000000E+00   0.0000000000E+00   0.0000000000E+00   0.0000000000E+00
   20      0.0000000000E+00   0.0000000000E+00   0.0000000000E+00   0.0000000000E+00   0.0000000000E+00
   21      0.0000000000E+00   0.0000000000E+00   0.0000000000E+00   0.0000000000E+00   0.0000000000E+00
   22      0.0000000000E+00   0.0000000000E+00   0.0000000000E+00   0.0000000000E+00   0.0000000000E+00
   23      0.0000000000E+00   0.0000000000E+00   0.0000000000E+00   0.0000000000E+00   0.0000000000E+00
   24      0.0000000000E+00   0.0000000000E+00   0.0000000000E+00   0.0000000000E+00   0.0000000000E+00
   25      0.0000000000E+00   0.0000000000E+00   0.0000000000E+00   0.0000000000E+00   0.0000000000E+00
   26      0.0000000000E+00   0.0000000000E+00   0.0000000000E+00   0.0000000000E+00   0.0000000000E+00
   27      0.0000000000E+00   0.0000000000E+00   0.0000000000E+00   0.0000000000E+00   0.0000000000E+00
   28      0.0000000000E+00   0.0000000000E+00   0.0000000000E+00   0.0000000000E+00   0.0000000000E+00
   29      0.0000000000E+00   0.0000000000E+00   0.0000000000E+00   0.0000000000E+00   0.0000000000E+00
   30      0.0000000000E+00   0.0000000000E+00   0.0000000000E+00   0.0000000000E+00   0.0000000000E+00
   31      0.0000000000E+00   0.0000000000E+00   0.0000000000E+00   0.0000000000E+00   0.0000000000E+00
   32      0.0000000000E+00   0.0000000000E+00   0.0000000000E+00   0.0000000000E+00   0.0000000000E+00
   33      0.0000000000E+00   0.0000000000E+00   0.0000000000E+00   0.0000000000E+00   0.0000000000E+00
   34      0.0000000000E+00   0.0000000000E+00   0.0000000000E+00   0.0000000000E+00   0.0000000000E+00
   35      0.0000000000E+00   0.0000000000E+00   0.0000000000E+00   0.0000000000E+00   0.0000000000E+00
   36      0.0000000000E+00   0.0000000000E+00   0.0000000000E+00   0.0000000000E+00   0.0000000000E+00
   37      0.0000000000E+00   0.0000000000E+00   0.0000000000E+00   0.0000000000E+00   0.0000000000E+00
   38      0.0000000000E+00   0.0000000000E+00   0.0000000000E+00   0.0000000000E+00   0.0000000000E+00
                    5                  6                  7                  8                  9        
    0      0.0000000000E+00  -1.8669869725E-01   1.3776974135E-01  -1.4879885773E-02   2.4963697880E-02
    1      0.0000000000E+00  -5.6477922150E-02   1.6968998596E-01  -7.1149369359E-03   3.5314187938E-03
    2      0.0000000000E+00  -7.1354227910E-03   4.1213002452E-02  -6.7543353478E-03  -4.4684790175E-03
    3      0.0000000000E+00   4.6892196703E-02  -1.1971258517E-02  -6.7821114014E-03  -2.0767345163E-03
    4      0.0000000000E+00   6.3028083517E-03  -4.2255786394E-02  -5.7976417750E-03   2.0769259321E-03
    5      0.0000000000E+00   2.0021760443E-02  -4.6458113343E-02  -6.0305354656E-03  -4.9137782900E-03
    6      0.0000000000E+00  -2.6593482455E-01   1.7295329458E-01   3.4727801207E-02  -1.2817405024E-02
    7      0.0000000000E+00  -2.1412056880E-01   1.1930228459E-01   3.9463207848E-01  -3.5117414386E-01
    8      0.0000000000E+00  -2.5477193658E-01   1.3088594198E-01   1.8876469655E-01  -1.6031337873E-01
    9      0.0000000000E+00  -4.3759940908E-01   1.1469323989E-01   3.7735445279E-01  -3.1056658222E-01
   10      0.0000000000E+00  -1.8986091790E-02   3.4696387965E-01  -2.1068386467E-01   1.8430974908E-01
   11      0.0000000000E+00   1.5693999679E-01  -1.1471121538E-01  -1.1621635530E-01   8.2605203978E-02
   12      0.0000000000E+00  -6.1597903108E-02   2.5488598052E-01  -3.6837755087E-01   3.3829899601E-01
   13      0.0000000000E+00   2.1419073264E-03   2.2428094512E-01  -1.7296595972E-01   1.5053802806E-01
   14      0.0000000000E+00   5.0072119953E-02   1.7556030708E-01  -7.7914880167E-02   5.2092736888E-02
   15      0.0000000000E+00   2.5957498296E-02  -2.6704869279E-01  -1.8206885240E-02  -7.0757090388E-03
