
$orca_hessian_file

$act_atom
  0

$act_coord
  0

$act_energy
        0.000000

$multiplicity
  1

$hessian
42
                    0                  1                  2                  3                  4        
    0      7.3623478413E-01  -2.3117560144E-03   1.1389585689E-07  -1.9597764241E-01  -1.3794945710E-01
    1     -2.3117560144E-03   6.7861899844E-01  -5.8324886095E-07  -7.8686174836E-02  -2.8772162305E-01
    2      1.1389585689E-07  -5.8324886095E-07   1.4342083977E-01  -8.0793316974E-08   2.2419238469E-07
    3     -1.9597764241E-01  -7.8686174836E-02  -8.0793316974E-08   6.6711330891E-01   5.1250361984E-04
    4     -1.3794945710E-01  -2.8772162305E-01   2.2419238469E-07   5.1250361984E-04   7.4493353099E-01
    5     -8.5218876236E-08  -6.8330561162E-08  -6.0507810358E-02   2.6150560000E-07  -8.3989302788E-09
    6     -3.3020307838E-02  -7.3698292728E-02  -7.7386091363E-08  -2.9753966925E-01   5.3640366972E-02
    7     -2.9294778517E-02   4.1135808438E-02   1.2553173800E-07  -4.7069858852E-03  -1.2950554591E-01
    8      1.8983621140E-07   1.1555245271E-07   3.3664248936E-03  -2.0673600718E-07  -4.7927913687E-08
    9     -2.3838435964E-03  -8.6709146439E-03   2.5988457558E-08  -1.3701815165E-02   3.0252416170E-02
   10      6.2130522343E-04  -5.8985242705E-02  -6.3593453976E-08   6.0248083051E-02   2.3264337539E-02
   11     -7.3466567354E-08  -5.1051621708E-08  -5.1036165093E-03  -8.9107631872E-08  -3.5509177004E-08
   12     -2.3556426421E-02   8.0071507279E-02  -9.6594459487E-09  -4.8070825909E-02  -2.7340492620E-02
   13      3.0866179943E-02   2.1724940820E-02   4.9272045289E-08  -1.8025369006E-02  -1.3322106684E-02
   14      1.1133123515E-07  -3.3968984071E-08   8.8497376757E-03  -6.5166980848E-08   4.9238044453E-08
   15     -1.6263964391E-01   5.2052450096E-02  -1.0884433502E-07   5.5505828226E-02   1.4487194041E-02
   16      1.1467382815E-01  -2.9940708083E-01   3.7396309752E-07  -3.1942495961E-02  -5.7963119885E-02
   17     -2.8266722136E-07   4.2926444453E-07  -6.6269553699E-02   1.0961021043E-07  -4.5207406585E-09
   18     -3.3381060082E-01   2.1660883659E-02   3.1472589555E-07  -1.2587855984E-02   4.3573970369E-03
   19      2.2213771449E-02  -5.9905511296E-02   1.7410690220E-08  -2.6071939794E-02   5.5457319112E-03
   20      1.2258525606E-07   8.4890580862E-08  -3.8994189812E-02   8.0282822219E-09  -3.6677399763E-08
   21      1.1082166699E-02  -1.7006152855E-02   5.6266675477E-08  -1.1310862763E-01   1.1098848443E-01
   22      1.3935224384E-02  -1.7719453482E-02  -5.1712652450E-08   1.1129826145E-01  -2.7828088385E-01
   23      4.2443593105E-09  -6.6141944439E-09   2.2939536446E-03  -6.6707102336E-08  -5.5084180525E-08
   24     -7.7383352032E-04   1.3192374828E-02  -6.2624203701E-08  -4.4624052071E-02  -4.9117202156E-02
   25      6.4444865108E-03  -1.3591654878E-03  -1.0324648085E-07  -1.8835453324E-02   2.3924361739E-03
   26     -4.4758598377E-08  -1.6220494730E-08   3.8652655106E-03   1.5303085953E-07   4.4178027154E-08
   27      6.4637019856E-04   1.0602952444E-04  -7.8840050594E-08   9.3778177443E-04   2.7082810129E-03
   28     -2.8047356706E-04  -1.3635386549E-03  -4.6005304885E-08   1.5653850854E-03  -4.5866542042E-03
   29     -7.0351597207E-08  -2.1474476285E-08  -6.4041980214E-04   5.2567530700E-08   4.2184703681E-09
   30     -5.6328708224E-03  -9.0906566175E-04  -9.9466552985E-08  -3.7138632331E-04  -6.7921065531E-04
   31      3.6386196645E-04   1.8150093358E-03   3.1581961206E-08  -8.2350750094E-04   2.8766837491E-04
   32      3.8784600031E-08  -6.5298087613E-09   6.7058351117E-03  -2.2295956024E-08  -3.6098670177E-09
   33      1.0714512174E-02   1.3589566773E-02  -4.7811694894E-09  -6.5926509209E-04   2.2779181659E-03
   34     -1.7802166766E-02  -1.7070762257E-02   1.1457740853E-07   3.7213677411E-03  -2.7446811515E-03
   35     -3.7255383110E-08   9.2410092509E-09   1.6322577555E-03   6.1152755855E-08   2.9333561001E-08
   36     -3.8481726530E-05   2.8455345021E-04   1.7859192127E-08   6.0816034865E-04  -1.8013342899E-03
   37     -2.9602015312E-04  -7.0795728714E-04  -8.3739713855E-08   3.0512509597E-03   2.5618235642E-03
   38      5.2931750734E-08   2.3747221837E-08  -7.1127445090E-04  -7.2360233624E-08  -1.3367802263E-08
   39     -8.4418213727E-04   2.9581243529E-04  -4.4489848913E-08   2.4760605762E-03  -2.3051704700E-03
   40     -1.1548268193E-03   9.4557801458E-04   5.8953675015E-08  -1.3366197631E-03  -4.8609138221E-03
   41     -1.7420885339E-09   6.0806759424E-08   2.0925502742E-03  -4.3997292177E-08  -3.3843139731E-08
                    5                  6                  7                  8                  9        
    0     -8.5218876236E-08  -3.3020307838E-02  -2.9294778517E-02   1.8983621140E-07  -2.3838435964E-03
    1     -6.8330561162E-08  -7.3698292728E-02   4.1135808438E-02   1.1555245271E-07  -8.6709146439E-03
    2     -6.0507810358E-02  -7.7386091363E-08   1.2553173800E-07   3.3664248936E-03   2.5988457558E-08
    3      2.6150560000E-07  -2.9753966925E-01  -4.7069858852E-03  -2.0673600718E-07  -1.3701815165E-02
    4     -8.3989302788E-09   5.3640366972E-02  -1.2950554591E-01  -4.7927913687E-08   3.0252416170E-02
    5      1.2603874482E-01   2.0413127161E-07  -2.7823304674E-07  -7.3789091596E-02  -1.4071170842E-07
    6      2.0413127161E-07   7.0008936223E-01   2.6844991620E-02  -9.3815751172E-08  -1.7050344397E-01
    7     -2.7823304674E-07   2.6844991620E-02   7.2121554863E-01   3.6449332109E-07   1.0539839855E-01
    8     -7.3789091596E-02  -9.3815751172E-08   3.6449332109E-07   1.7554592382E-01   1.4492758704E-07
    9     -1.4071170842E-07  -1.7050344397E-01   1.0539839855E-01   1.4492758704E-07   7.3351854630E-01
   10      1.0231320772E-07   4.7003303952E-02  -2.5629842111E-01  -4.9715100978E-07   2.8007714903E-02
   11      8.5739004765E-03   1.1970182072E-07  -3.3624290245E-07  -7.3946112406E-02  -6.8327572343E-07
   12     -1.8777955131E-07   6.6609000808E-02  -3.3005067310E-02   7.8161835187E-08  -1.9899526914E-01
   13     -7.3798639728E-08   1.1327333129E-02  -5.8440244639E-02   3.8209846526E-07  -1.3921045855E-01
   14     -5.1123633448E-03  -9.5322533885E-08   2.1326978153E-08   3.3641906911E-03   3.7831964500E-07
   15      7.8431090003E-08  -4.5744578015E-02   3.7859762275E-02  -1.1321892691E-07  -3.5657941377E-02
   16      5.5000909203E-08   3.7876547815E-02  -1.4837044652E-02  -1.7303264936E-07  -2.2697014847E-02
   17      1.0729875800E-02  -4.9170750447E-08  -6.7001320708E-08  -7.1834743723E-03   1.4414341542E-08
   18      6.8525217930E-08   1.0104942205E-03  -2.4582930504E-03   9.7818793943E-09   7.1563922294E-04
   19     -8.0902828993E-08  -2.3700994358E-03  -4.0688444231E-03   1.1266431829E-07  -2.3343744779E-04
   20      4.1914461267E-03  -2.1494009282E-08   2.1739017500E-08   7.5913345281E-03   3.3154703860E-08
   21     -1.4954260823E-07  -8.4480494210E-03   2.7862809413E-02  -8.8661930798E-08  -5.2965728656E-03
   22      5.4053927335E-09  -2.9294440879E-03  -7.0344884938E-04   1.0632876212E-07   1.6395742779E-04
   23     -3.3174406799E-02  -4.8981514424E-08   5.1505053084E-09   4.1982035579E-03  -9.2640732145E-09
   24      4.3426825689E-08  -1.9965111745E-01  -1.0440946288E-01   1.6396381531E-07   1.9595466924E-02
   25      2.3409107069E-07  -1.0434988924E-01  -2.8435210093E-01   7.1656728554E-08  -2.3091479137E-02
   26      1.1002260576E-02  -2.4465953845E-07  -2.8833390780E-07  -3.9357110734E-02  -1.9973674765E-08
   27      9.5109144583E-08  -1.0504527072E-02  -3.8308873600E-03  -4.4082777441E-09  -3.3241043115E-01
   28      1.8263569647E-07   2.6983903132E-02   1.4355321776E-03  -6.6262797932E-08   2.1526307405E-02
   29      5.3377344808E-03   7.1842656383E-08  -3.5028075466E-08   4.1936903067E-03   9.0191684599E-08
   30     -1.8956035820E-08  -1.6513339065E-03  -3.4634000594E-03   6.5331702816E-08   1.0556834586E-02
   31     -7.0601402264E-08  -3.5557934776E-03  -1.3968717247E-03  -3.5060484801E-08   1.3811139758E-02
   32     -8.8123411979E-04   2.8399570735E-08   5.4867662765E-08   7.5940102261E-03  -2.0849497311E-08
   33      2.1633491874E-08  -4.9105613134E-04   9.9038666951E-04  -1.2269009530E-08  -4.5457550697E-03
   34      1.4372764970E-07   9.8667605037E-04   3.2044960275E-04   9.6359735784E-11   6.9317162425E-04
   35      6.2176560988E-03   1.0058158822E-08   6.6667774958E-09  -6.2216721354E-04   1.8969531382E-08
   36      1.3013573011E-07   1.4192805586E-02  -1.8256454371E-02  -1.8094838513E-07  -2.5496283562E-03
   37     -1.3963589649E-07   1.2039544367E-02  -2.1462434703E-02  -2.3440875613E-09  -4.3482316095E-03
   38     -1.3636257105E-03   5.0565169714E-08   1.2624374687E-07  -5.5225574713E-03   4.0936953578E-09
   39     -3.1942030950E-07  -1.4347579792E-02   4.6175053948E-04   2.2392180511E-08   1.6582136541E-03
   40     -1.1549395760E-07  -2.9791917711E-02   6.9576180936E-03  -1.6347096127E-07  -1.5649762235E-03
   41      2.7369135469E-03   1.7179461784E-07   1.1117900261E-07  -5.4332642359E-03   6.4003729617E-08
                   10                 11                 12                 13                 14        
    0      6.2130522343E-04  -7.3466567354E-08  -2.3556426421E-02   3.0866179943E-02   1.1133123515E-07
    1     -5.8985242705E-02  -5.1051621708E-08   8.0071507279E-02   2.1724940820E-02  -3.3968984071E-08
    2     -6.3593453976E-08  -5.1036165093E-03  -9.6594459487E-09   4.9272045289E-08   8.8497376757E-03
    3      6.0248083051E-02  -8.9107631872E-08  -4.8070825909E-02  -1.8025369006E-02  -6.5166980848E-08
    4      2.3264337539E-02  -3.5509177004E-08  -2.7340492620E-02  -1.3322106684E-02   4.9238044453E-08
    5      1.0231320772E-07   8.5739004765E-03  -1.8777955131E-07  -7.3798639728E-08  -5.1123633448E-03
    6      4.7003303952E-02   1.1970182072E-07   6.6609000808E-02   1.1327333129E-02  -9.5322533885E-08
    7     -2.5629842111E-01  -3.3624290245E-07  -3.3005067310E-02  -5.8440244639E-02   2.1326978153E-08
    8     -4.9715100978E-07  -7.3946112406E-02   7.8161835187E-08   3.8209846526E-07   3.3641906911E-03
    9      2.8007714903E-02  -6.8327572343E-07  -1.9899526914E-01  -1.3921045855E-01   3.7831964500E-07
   10      6.7853675778E-01   9.9912773710E-08  -7.9935074722E-02  -2.8481239044E-01   3.3370670731E-07
   11      9.9912773710E-08   1.2591471910E-01   1.7733010244E-07   4.0479703527E-08  -6.0499001003E-02
   12     -7.9935074722E-02   1.7733010244E-07   6.8875345206E-01  -2.1765427565E-02  -2.2592494188E-07
   13     -2.8481239044E-01   4.0479703527E-08  -2.1765427565E-02   7.2655244735E-01  -5.5984207602E-07
   14      3.3370670731E-07  -6.0499001003E-02  -2.2592494188E-07  -5.5984207602E-07   1.4307492258E-01
   15     -6.9148820546E-02  -1.8553524258E-08  -3.3843325399E-01   4.3077788767E-02  -5.6954296487E-08
   16      3.3192398307E-02   1.5748733696E-07  -1.9563457381E-02  -1.2392245006E-01   1.0235000607E-07
   17      7.3313441118E-08   1.0726120524E-02   2.0529807978E-07   6.0502340380E-08  -6.5976573584E-02
   18     -3.8322705752E-04   6.6681186574E-08   9.5948985357E-04   3.0501827253E-03  -7.1502147592E-08
   19     -8.0134627360E-04  -1.2281544609E-08   1.7663846415E-03  -4.7567755890E-03  -1.4135862176E-08
   20      4.9283456758E-09  -8.8406634037E-04  -3.0286806486E-08   2.4294425246E-08   6.7101014924E-03
   21     -9.6038292710E-04   7.0067550183E-08  -1.0240326764E-03  -9.6731899644E-04   3.4276323286E-08
   22      1.6341128260E-03  -2.3599837504E-07  -5.6613102017E-04   3.0430802083E-04  -8.4040026509E-08
   23      9.7588482569E-09   5.3396622087E-03  -2.0543136351E-08  -7.1174728764E-09  -6.3854112719E-04
   24      7.3158227241E-03   3.6579476029E-08  -8.1462166398E-03   3.4358071557E-03  -8.5401824650E-08
   25     -6.1756169294E-02   1.3813051305E-08   1.0162916674E-02   5.9957353415E-03   3.3637298315E-07
   26      3.3468577586E-08   1.1042930093E-02   5.8308109607E-08  -1.3301937617E-08   3.8649325838E-03
   27      2.1721263666E-02   3.0520371154E-07  -1.2539606134E-02   4.3114984142E-03  -4.3107289864E-08
   28     -5.8926800372E-02  -4.1372955319E-08  -2.6642622254E-02   5.8747039366E-03  -1.4215669133E-07
   29     -3.1798317885E-09  -3.3143349162E-02   6.8047733488E-08  -8.9856962821E-09   2.3122905528E-03
   30     -1.6615870295E-02  -8.7864964351E-08  -1.1430881236E-01   1.1175602871E-01  -1.8487540702E-08
   31     -1.7589865283E-02  -3.4698047413E-08   1.1121609163E-01  -2.7949604495E-01   1.7864309310E-07
   32      7.4961299747E-08   4.1761866464E-03   8.5635298704E-08   4.3864531193E-08  -3.8977416435E-02
   33      2.1330658634E-03   2.0854971374E-07  -1.1636448201E-02  -2.6910839940E-02   4.8271615165E-08
   34      1.1354878883E-03  -2.6288198052E-09   4.4852523638E-03   5.2956042252E-03   5.2788139516E-08
   35      6.6939783740E-08   6.2128809697E-03  -2.2570101911E-08  -6.7269988694E-08   1.6420709230E-03
   36     -3.3617992525E-03   8.0997319137E-08   9.9597465797E-04  -4.0362138097E-04   6.8632028153E-09
   37      1.7091378779E-04   1.1233008434E-07   1.0478563370E-03  -8.8467005423E-04  -2.1397039618E-08
   38      1.4752912389E-08   2.7381550972E-03   3.6491982126E-09   1.1803923092E-08   2.0981572576E-03
   39      3.3180220346E-03  -1.2831167897E-08  -6.0702590705E-04  -5.2490448721E-04  -3.3515091365E-08
   40      1.2362273469E-03   5.7504418332E-08   5.1385024986E-05  -1.1305727873E-04  -1.4385185320E-07
   41      1.8124473459E-08  -1.1484096914E-03  -6.3345747669E-08   4.2966958395E-08  -7.1250826032E-04
                   15                 16                 17                 18                 19        
    0     -1.6263964391E-01   1.1467382815E-01  -2.8266722136E-07  -3.3381060082E-01   2.2213771449E-02
    1      5.2052450096E-02  -2.9940708083E-01   4.2926444453E-07   2.1660883659E-02  -5.9905511296E-02
    2     -1.0884433502E-07   3.7396309752E-07  -6.6269553699E-02   3.1472589555E-07   1.7410690220E-08
    3      5.5505828226E-02  -3.1942495961E-02   1.0961021043E-07  -1.2587855984E-02  -2.6071939794E-02
    4      1.4487194041E-02  -5.7963119885E-02  -4.5207406585E-09   4.3573970369E-03   5.5457319112E-03
    5      7.8431090003E-08   5.5000909203E-08   1.0729875800E-02   6.8525217930E-08  -8.0902828993E-08
    6     -4.5744578015E-02   3.7876547815E-02  -4.9170750447E-08   1.0104942205E-03  -2.3700994358E-03
    7      3.7859762275E-02  -1.4837044652E-02  -6.7001320708E-08  -2.4582930504E-03  -4.0688444231E-03
    8     -1.1321892691E-07  -1.7303264936E-07  -7.1834743723E-03   9.7818793943E-09   1.1266431829E-07
    9     -3.5657941377E-02  -2.2697014847E-02   1.4414341542E-08   7.1563922294E-04  -2.3343744779E-04
   10     -6.9148820546E-02   3.3192398307E-02   7.3313441118E-08  -3.8322705752E-04  -8.0134627360E-04
   11     -1.8553524258E-08   1.5748733696E-07   1.0726120524E-02   6.6681186574E-08  -1.2281544609E-08
   12     -3.3843325399E-01  -1.9563457381E-02   2.0529807978E-07   9.5948985357E-04   1.7663846415E-03
   13      4.3077788767E-02  -1.2392245006E-01   6.0502340380E-08   3.0501827253E-03  -4.7567755890E-03
   14     -5.6954296487E-08   1.0235000607E-07  -6.5976573584E-02  -7.1502147592E-08  -1.4135862176E-08
   15      6.8525019674E-01   4.1179886164E-02  -3.6716802487E-08  -8.8110994609E-03   2.8155812522E-02
   16      4.1179886164E-02   7.1874391763E-01  -7.4664677248E-07  -2.5119943214E-03   3.1251162968E-03
   17     -3.6716802487E-08  -7.4664677248E-07   1.2701092842E-01  -3.8482775922E-08  -3.0047886916E-08
   18     -8.8110994609E-03  -2.5119943214E-03  -3.8482775922E-08   3.5258725081E-01  -2.3394964663E-02
   19      2.8155812522E-02   3.1251162968E-03  -3.0047886916E-08  -2.3394964663E-02   5.7875145844E-02
   20      5.4142881444E-08  -3.0090295626E-08   4.4326545375E-03  -3.1593135634E-07  -9.3286792234E-09
   21     -1.0735342930E-03  -2.8330848427E-03  -2.2376637876E-07   1.0171693477E-03   5.3158570843E-04
   22     -4.1352179184E-03  -1.8026836682E-03   2.8661764160E-07   5.6306723340E-05   1.2043313942E-03
   23      1.1142300955E-08   1.4614178218E-08   7.0118891986E-03   4.1803344973E-09  -2.1273120256E-09
   24      2.5801902089E-03  -8.9607317233E-03  -9.8096228061E-08  -1.1697478577E-03  -1.1064660254E-03
   25     -8.9452268675E-03  -4.7306835422E-03  -4.3980507203E-08  -1.4119325299E-04   6.3094768523E-04
   26     -8.8155130620E-08  -7.4283511335E-08  -8.0853694612E-04  -6.9623880480E-09  -3.3551527676E-09
   27      7.2509682014E-04  -3.3964696542E-03   6.7777752042E-08  -1.2296330876E-04   9.8709632311E-06
   28     -2.0887774910E-03  -3.6143176203E-03  -1.0930950326E-07  -1.0846984599E-05   1.3397717988E-04
   29      1.0100218527E-08   3.5274531038E-08   7.0118192081E-03  -1.3444002094E-08  -4.0700263225E-09
   30     -7.5720596009E-03   2.8681240474E-02   1.2656996336E-07  -5.6572844939E-04   1.3662388973E-03
   31     -1.9745096458E-03   1.8581285774E-03  -8.1839400370E-08  -9.5450901336E-05  -4.6328939547E-05
   32     -5.6291985166E-08  -3.3607404878E-10   4.4336604109E-03   1.1436049458E-08  -4.9554899783E-09
   33     -1.4461035147E-01  -1.3086898530E-01   1.2569526425E-07   8.1519445047E-04  -7.0664003936E-04
   34     -1.3087742758E-01  -2.5141749450E-01   1.4329662273E-07  -3.7328247865E-06   1.3331447123E-03
   35      2.2811233301E-07   2.5672627285E-07  -3.1153537941E-02  -4.0994757810E-09  -1.1065798860E-08
   36     -2.8240311293E-04  -2.1109259278E-04   3.1024731659E-08  -1.6563443157E-05   3.8709063824E-05
   37      1.5527874662E-04   9.1731218526E-04   2.3944156634E-08   7.6109539003E-05   3.6070670086E-05
   38      9.9920168014E-09   8.2754885032E-08   1.7755640505E-05  -5.5098741188E-09  -7.5964657517E-10
   39      7.6355322755E-04   5.8156276493E-04   6.1086910658E-08  -2.0678578052E-05  -1.9405592447E-04
   40      1.9406868625E-04  -1.4199823317E-04   4.7188002488E-08  -2.0594654253E-04  -3.0565917303E-04
   41      7.4237063530E-08  -3.4562431917E-08   1.6972801878E-05  -1.2772637716E-09  -3.5458796529E-09
                   20                 21                 22                 23                 24        
    0      1.2258525606E-07   1.1082166699E-02   1.3935224384E-02   4.2443593105E-09  -7.7383352032E-04
    1      8.4890580862E-08  -1.7006152855E-02  -1.7719453482E-02  -6.6141944439E-09   1.3192374828E-02
    2     -3.8994189812E-02   5.6266675477E-08  -5.1712652450E-08   2.2939536446E-03  -6.2624203701E-08
    3      8.0282822219E-09  -1.1310862763E-01   1.1129826145E-01  -6.6707102336E-08  -4.4624052071E-02
    4     -3.6677399763E-08   1.1098848443E-01  -2.7828088385E-01  -5.5084180525E-08  -4.9117202156E-02
    5      4.1914461267E-03  -1.4954260823E-07   5.4053927335E-09  -3.3174406799E-02   4.3426825689E-08
    6     -2.1494009282E-08  -8.4480494210E-03  -2.9294440879E-03  -4.8981514424E-08  -1.9965111745E-01
    7      2.1739017500E-08   2.7862809413E-02  -7.0344884938E-04   5.1505053084E-09  -1.0440946288E-01
    8      7.5913345281E-03  -8.8661930798E-08   1.0632876212E-07   4.1982035579E-03   1.6396381531E-07
    9      3.3154703860E-08  -5.2965728656E-03   1.6395742779E-04  -9.2640732145E-09   1.9595466924E-02
   10      4.9283456758E-09  -9.6038292710E-04   1.6341128260E-03   9.7588482569E-09   7.3158227241E-03
   11     -8.8406634037E-04   7.0067550183E-08  -2.3599837504E-07   5.3396622087E-03   3.6579476029E-08
   12     -3.0286806486E-08  -1.0240326764E-03  -5.6613102017E-04  -2.0543136351E-08  -8.1462166398E-03
   13      2.4294425246E-08  -9.6731899644E-04   3.0430802083E-04  -7.1174728764E-09   3.4358071557E-03
   14      6.7101014924E-03   3.4276323286E-08  -8.4040026509E-08  -6.3854112719E-04  -8.5401824650E-08
   15      5.4142881444E-08  -1.0735342930E-03  -4.1352179184E-03   1.1142300955E-08   2.5801902089E-03
   16     -3.0090295626E-08  -2.8330848427E-03  -1.8026836682E-03   1.4614178218E-08  -8.9607317233E-03
   17      4.4326545375E-03  -2.2376637876E-07   2.8661764160E-07   7.0118891986E-03  -9.8096228061E-08
   18     -3.1593135634E-07   1.0171693477E-03   5.6306723340E-05   4.1803344973E-09  -1.1697478577E-03
   19     -9.3286792234E-09   5.3158570843E-04   1.2043313942E-03  -2.1273120256E-09  -1.1064660254E-03
   20      2.6412928088E-02   4.0456864219E-08  -4.4531265303E-08  -4.5830253381E-03   4.6258400348E-08
   21      4.0456864219E-08   1.1545886830E-01  -1.1874547715E-01   2.1065183133E-07   1.9456384090E-03
   22     -4.4531265303E-08  -1.1874547715E-01   2.9431259767E-01   5.8148941406E-09  -6.8388562720E-04
   23     -4.5830253381E-03   2.1065183133E-07   5.8148941406E-09   2.3127984080E-02   3.7779826466E-09
   24      4.6258400348E-08   1.9456384090E-03  -6.8388562720E-04   3.7779826466E-09   8.3520359729E-01
   25      9.4378945405E-08   1.4861060823E-03   1.8533635188E-03   6.7456850445E-08  -4.4296946600E-02
   26      1.6820080274E-04   1.7404376417E-08   1.1588987409E-09  -2.4545243855E-03   7.1610825973E-07
   27     -4.9718932758E-08  -5.6556703829E-04  -2.0560698612E-05   3.5442197282E-08   1.5847398047E-03
   28     -1.9847031318E-09   1.4385516476E-03   1.2495786065E-05   4.1319978414E-09   1.3154418841E-03
   29     -8.5716293852E-04  -5.1103890611E-09  -5.0355482003E-09  -2.4118460458E-04   6.2572756254E-08
   30      4.2478868461E-09   9.8120223038E-05   1.0053258967E-04   2.3678334958E-09   8.1098901280E-04
   31     -1.1781170499E-07   7.9445884460E-05  -8.5627821842E-05   1.3831193579E-09   6.6743551916E-04
   32      1.3073937527E-04  -2.9583362175E-09   2.1759648365E-09  -8.5756952707E-04  -8.0282137160E-09
   33      6.0487516223E-08   3.5048553445E-04   6.2524464781E-04  -2.5731129756E-08   2.1814582942E-04
   34      3.0173812299E-08  -8.0269644401E-04  -9.7356008039E-04  -4.0242908072E-08  -3.3845912278E-04
   35     -4.1161095186E-03  -1.8131576436E-09   4.2558546175E-09   6.3770069995E-04   5.0978050495E-08
   36      2.7466442159E-08  -6.3868922352E-04   8.1997667735E-04  -3.6110393322E-09  -1.4527567078E-01
   37      4.0244880416E-08  -9.0969882454E-04   8.0742357320E-05   4.1031963477E-09   1.5484135206E-01
   38      8.7655226811E-06  -6.0961220723E-09   3.2838092602E-09   8.4389311707E-05   8.6732687734E-07
   39      2.4815917490E-09   2.0262463878E-04   8.0298991118E-05  -4.7203421743E-08  -4.6229812916E-01
   40     -1.3724859778E-08  -1.6125751902E-04   1.6370617782E-04   6.7970490934E-09   2.8164962424E-02
   41     -2.1161652524E-04  -9.4012049072E-10  -1.7479216049E-09  -7.4453091964E-04  -1.7581808504E-06
                   25                 26                 27                 28                 29        
    0      6.4444865108E-03  -4.4758598377E-08   6.4637019856E-04  -2.8047356706E-04  -7.0351597207E-08
    1     -1.3591654878E-03  -1.6220494730E-08   1.0602952444E-04  -1.3635386549E-03  -2.1474476285E-08
    2     -1.0324648085E-07   3.8652655106E-03  -7.8840050594E-08  -4.6005304885E-08  -6.4041980214E-04
    3     -1.8835453324E-02   1.5303085953E-07   9.3778177443E-04   1.5653850854E-03   5.2567530700E-08
    4      2.3924361739E-03   4.4178027154E-08   2.7082810129E-03  -4.5866542042E-03   4.2184703681E-09
    5      2.3409107069E-07   1.1002260576E-02   9.5109144583E-08   1.8263569647E-07   5.3377344808E-03
    6     -1.0434988924E-01  -2.4465953845E-07  -1.0504527072E-02   2.6983903132E-02   7.1842656383E-08
    7     -2.8435210093E-01  -2.8833390780E-07  -3.8308873600E-03   1.4355321776E-03  -3.5028075466E-08
    8      7.1656728554E-08  -3.9357110734E-02  -4.4082777441E-09  -6.6262797932E-08   4.1936903067E-03
    9     -2.3091479137E-02  -1.9973674765E-08  -3.3241043115E-01   2.1526307405E-02   9.0191684599E-08
   10     -6.1756169294E-02   3.3468577586E-08   2.1721263666E-02  -5.8926800372E-02  -3.1798317885E-09
   11      1.3813051305E-08   1.1042930093E-02   3.0520371154E-07  -4.1372955319E-08  -3.3143349162E-02
   12      1.0162916674E-02   5.8308109607E-08  -1.2539606134E-02  -2.6642622254E-02   6.8047733488E-08
   13      5.9957353415E-03  -1.3301937617E-08   4.3114984142E-03   5.8747039366E-03  -8.9856962821E-09
   14      3.3637298315E-07   3.8649325838E-03  -4.3107289864E-08  -1.4215669133E-07   2.3122905528E-03
   15     -8.9452268675E-03  -8.8155130620E-08   7.2509682014E-04  -2.0887774910E-03   1.0100218527E-08
   16     -4.7306835422E-03  -7.4283511335E-08  -3.3964696542E-03  -3.6143176203E-03   3.5274531038E-08
   17     -4.3980507203E-08  -8.0853694612E-04   6.7777752042E-08  -1.0930950326E-07   7.0118192081E-03
   18     -1.4119325299E-04  -6.9623880480E-09  -1.2296330876E-04  -1.0846984599E-05  -1.3444002094E-08
   19      6.3094768523E-04  -3.3551527676E-09   9.8709632311E-06   1.3397717988E-04  -4.0700263225E-09
   20      9.4378945405E-08   1.6820080274E-04  -4.9718932758E-08  -1.9847031318E-09  -8.5716293852E-04
   21      1.4861060823E-03   1.7404376417E-08  -5.6556703829E-04   1.4385516476E-03  -5.1103890611E-09
   22      1.8533635188E-03   1.1588987409E-09  -2.0560698612E-05   1.2495786065E-05  -5.0355482003E-09
   23      6.7456850445E-08  -2.4545243855E-03   3.5442197282E-08   4.1319978414E-09  -2.4118460458E-04
   24     -4.4296946600E-02   7.1610825973E-07   1.5847398047E-03   1.3154418841E-03   6.2572756254E-08
   25      7.9942641257E-01   1.9498433283E-06  -8.0106323444E-04   2.1944935422E-03  -7.3523424874E-08
   26      1.9498433283E-06   1.0136422414E-03   7.0746536840E-08   4.1341224738E-08  -2.4486203763E-03
   27     -8.0106323444E-04   7.0746536840E-08   3.5181223238E-01  -2.2171782925E-02  -3.8826431350E-07
   28      2.1944935422E-03   4.1341224738E-08  -2.2171782925E-02   5.7722624701E-02   1.5522526926E-07
   29     -7.3523424874E-08  -2.4486203763E-03  -3.8826431350E-07   1.5522526926E-07   2.3045033191E-02
   30     -2.9609186905E-04   5.5365939451E-08   9.6955671459E-04   5.1190248037E-04   2.1223500485E-08
   31     -1.3491955625E-03   2.8848631625E-08   3.4834431626E-05   1.2529746635E-03   2.5562354312E-08
   32     -8.6547609068E-09   1.6845560805E-04   3.8878067301E-09   1.0542508030E-08  -4.5831561476E-03
   33     -3.3844068167E-04  -1.1926055583E-07  -7.2454430738E-04  -1.2391687791E-03   4.5100508092E-08
   34     -5.9949971332E-05  -4.1776137458E-08   1.8751649052E-04   1.0000759394E-04   6.4485295601E-08
   35     -3.5322811448E-08  -4.5303210341E-04   3.1708938170E-09  -6.8355916694E-09   6.3695501200E-04
   36      1.5666630634E-01   8.0822915763E-07   1.9608926887E-04  -1.6717278738E-04   5.5606575104E-08
   37     -3.8815906751E-01  -1.7746440101E-06   7.4629952086E-05   1.7029159920E-04  -5.6304450266E-08
   38     -2.1964806078E-06   7.1331293789E-03  -7.7786214681E-09  -5.8734801953E-09  -7.4560726341E-04
   39      2.6315926131E-02  -1.3340844765E-06  -4.2279525811E-06  -7.2991758782E-04   1.5651971650E-09
   40     -7.0727056535E-02   1.7562168851E-08   1.0561101584E-03  -4.0579032957E-04   1.5574901423E-08
   41     -2.1089006990E-07   7.2630077506E-03  -1.0868615845E-08  -6.6814961143E-08   1.2197754282E-04
                   30                 31                 32                 33                 34        
    0     -5.6328708224E-03   3.6386196645E-04   3.8784600031E-08   1.0714512174E-02  -1.7802166766E-02
    1     -9.0906566175E-04   1.8150093358E-03  -6.5298087613E-09   1.3589566773E-02  -1.7070762257E-02
    2     -9.9466552985E-08   3.1581961206E-08   6.7058351117E-03  -4.7811694894E-09   1.1457740853E-07
    3     -3.7138632331E-04  -8.2350750094E-04  -2.2295956024E-08  -6.5926509209E-04   3.7213677411E-03
    4     -6.7921065531E-04   2.8766837491E-04  -3.6098670177E-09   2.2779181659E-03  -2.7446811515E-03
    5     -1.8956035820E-08  -7.0601402264E-08  -8.8123411979E-04   2.1633491874E-08   1.4372764970E-07
    6     -1.6513339065E-03  -3.5557934776E-03   2.8399570735E-08  -4.9105613134E-04   9.8667605037E-04
    7     -3.4634000594E-03  -1.3968717247E-03   5.4867662765E-08   9.9038666951E-04   3.2044960275E-04
    8      6.5331702816E-08  -3.5060484801E-08   7.5940102261E-03  -1.2269009530E-08   9.6359735784E-11
    9      1.0556834586E-02   1.3811139758E-02  -2.0849497311E-08  -4.5457550697E-03   6.9317162425E-04
   10     -1.6615870295E-02  -1.7589865283E-02   7.4961299747E-08   2.1330658634E-03   1.1354878883E-03
   11     -8.7864964351E-08  -3.4698047413E-08   4.1761866464E-03   2.0854971374E-07  -2.6288198052E-09
   12     -1.1430881236E-01   1.1121609163E-01   8.5635298704E-08  -1.1636448201E-02   4.4852523638E-03
   13      1.1175602871E-01  -2.7949604495E-01   4.3864531193E-08  -2.6910839940E-02   5.2956042252E-03
   14     -1.8487540702E-08   1.7864309310E-07  -3.8977416435E-02   4.8271615165E-08   5.2788139516E-08
   15     -7.5720596009E-03  -1.9745096458E-03  -5.6291985166E-08  -1.4461035147E-01  -1.3087742758E-01
   16      2.8681240474E-02   1.8581285774E-03  -3.3607404878E-10  -1.3086898530E-01  -2.5141749450E-01
   17      1.2656996336E-07  -8.1839400370E-08   4.4336604109E-03   1.2569526425E-07   1.4329662273E-07
   18     -5.6572844939E-04  -9.5450901336E-05   1.1436049458E-08   8.1519445047E-04  -3.7328247865E-06
   19      1.3662388973E-03  -4.6328939547E-05  -4.9554899783E-09  -7.0664003936E-04   1.3331447123E-03
   20      4.2478868461E-09  -1.1781170499E-07   1.3073937527E-04   6.0487516223E-08   3.0173812299E-08
   21      9.8120223038E-05   7.9445884460E-05  -2.9583362175E-09   3.5048553445E-04  -8.0269644401E-04
   22      1.0053258967E-04  -8.5627821842E-05   2.1759648365E-09   6.2524464781E-04  -9.7356008039E-04
   23      2.3678334958E-09   1.3831193579E-09  -8.5756952707E-04  -2.5731129756E-08  -4.0242908072E-08
   24      8.1098901280E-04   6.6743551916E-04  -8.0282137160E-09   2.1814582942E-04  -3.3845912278E-04
   25     -2.9609186905E-04  -1.3491955625E-03  -8.6547609068E-09  -3.3844068167E-04  -5.9949971332E-05
   26      5.5365939451E-08   2.8848631625E-08   1.6845560805E-04  -1.1926055583E-07  -4.1776137458E-08
   27      9.6955671459E-04   3.4834431626E-05   3.8878067301E-09  -7.2454430738E-04   1.8751649052E-04
   28      5.1190248037E-04   1.2529746635E-03   1.0542508030E-08  -1.2391687791E-03   1.0000759394E-04
   29      2.1223500485E-08   2.5562354312E-08  -4.5831561476E-03   4.5100508092E-08   6.4485295601E-08
   30      1.1629596516E-01  -1.1983066464E-01  -6.0196772704E-08   1.5083430594E-03  -4.2537152401E-04
   31     -1.1983066464E-01   2.9428216552E-01  -1.3038655741E-07   2.7515881786E-04   6.4084386700E-04
   32     -6.0196772704E-08  -1.3038655741E-07   2.6407087190E-02  -3.2399796310E-08   6.9042468560E-08
   33      1.5083430594E-03   2.7515881786E-04  -3.2399796310E-08   1.4908327197E-01   1.4014668894E-01
   34     -4.2537152401E-04   6.4084386700E-04   6.9042468560E-08   1.4014668894E-01   2.6344045125E-01
   35      1.9542634816E-09  -5.9003189037E-09  -4.1136385643E-03  -3.1224848797E-07  -4.0267732930E-07
   36     -1.2596847279E-04  -2.4597089700E-04   1.4217238954E-08  -4.7025559273E-05   4.3655136672E-05
   37     -2.3637511298E-04  -1.9961163424E-04   1.4839527505E-08  -4.3543962118E-05   3.6875430715E-05
   38      3.2209421681E-09   2.1593133095E-09  -2.1172474665E-04   5.7404142446E-10  -3.1781370094E-10
   39     -1.1648816025E-05   7.7437753750E-05   2.1219767398E-08   2.4492813765E-05  -1.4095573352E-05
   40      4.0597964715E-05   2.6755577993E-05   9.2504363506E-08   6.9210307024E-05  -3.6416607538E-05
   41      4.1300598978E-09  -2.0632477879E-10   8.7649717309E-06  -3.6190352817E-09   6.0423071880E-09
                   35                 36                 37                 38                 39        
    0     -3.7255383110E-08  -3.8481726530E-05  -2.9602015312E-04   5.2931750734E-08  -8.4418213727E-04
    1      9.2410092509E-09   2.8455345021E-04  -7.0795728714E-04   2.3747221837E-08   2.9581243529E-04
    2      1.6322577555E-03   1.7859192127E-08  -8.3739713855E-08  -7.1127445090E-04  -4.4489848913E-08
    3      6.1152755855E-08   6.0816034865E-04   3.0512509597E-03  -7.2360233624E-08   2.4760605762E-03
    4      2.9333561001E-08  -1.8013342899E-03   2.5618235642E-03  -1.3367802263E-08  -2.3051704700E-03
    5      6.2176560988E-03   1.3013573011E-07  -1.3963589649E-07  -1.3636257105E-03  -3.1942030950E-07
    6      1.0058158822E-08   1.4192805586E-02   1.2039544367E-02   5.0565169714E-08  -1.4347579792E-02
    7      6.6667774958E-09  -1.8256454371E-02  -2.1462434703E-02   1.2624374687E-07   4.6175053948E-04
    8     -6.2216721354E-04  -1.8094838513E-07  -2.3440875613E-09  -5.5225574713E-03   2.2392180511E-08
    9      1.8969531382E-08  -2.5496283562E-03  -4.3482316095E-03   4.0936953578E-09   1.6582136541E-03
   10      6.6939783740E-08  -3.3617992525E-03   1.7091378779E-04   1.4752912389E-08   3.3180220346E-03
   11      6.2128809697E-03   8.0997319137E-08   1.1233008434E-07   2.7381550972E-03  -1.2831167897E-08
   12     -2.2570101911E-08   9.9597465797E-04   1.0478563370E-03   3.6491982126E-09  -6.0702590705E-04
   13     -6.7269988694E-08  -4.0362138097E-04  -8.8467005423E-04   1.1803923092E-08  -5.2490448721E-04
   14      1.6420709230E-03   6.8632028153E-09  -2.1397039618E-08   2.0981572576E-03  -3.3515091365E-08
   15      2.2811233301E-07  -2.8240311293E-04   1.5527874662E-04   9.9920168014E-09   7.6355322755E-04
   16      2.5672627285E-07  -2.1109259278E-04   9.1731218526E-04   8.2754885032E-08   5.8156276493E-04
   17     -3.1153537941E-02   3.1024731659E-08   2.3944156634E-08   1.7755640505E-05   6.1086910658E-08
   18     -4.0994757810E-09  -1.6563443157E-05   7.6109539003E-05  -5.5098741188E-09  -2.0678578052E-05
   19     -1.1065798860E-08   3.8709063824E-05   3.6070670086E-05  -7.5964657517E-10  -1.9405592447E-04
   20     -4.1161095186E-03   2.7466442159E-08   4.0244880416E-08   8.7655226811E-06   2.4815917490E-09
   21     -1.8131576436E-09  -6.3868922352E-04  -9.0969882454E-04  -6.0961220723E-09   2.0262463878E-04
   22      4.2558546175E-09   8.1997667735E-04   8.0742357320E-05   3.2838092602E-09   8.0298991118E-05
   23      6.3770069995E-04  -3.6110393322E-09   4.1031963477E-09   8.4389311707E-05  -4.7203421743E-08
   24      5.0978050495E-08  -1.4527567078E-01   1.5484135206E-01   8.6732687734E-07  -4.6229812916E-01
   25     -3.5322811448E-08   1.5666630634E-01  -3.8815906751E-01  -2.1964806078E-06   2.6315926131E-02
   26     -4.5303210341E-04   8.0822915763E-07  -1.7746440101E-06   7.1331293789E-03  -1.3340844765E-06
   27      3.1708938170E-09   1.9608926887E-04   7.4629952086E-05  -7.7786214681E-09  -4.2279525811E-06
   28     -6.8355916694E-09  -1.6717278738E-04   1.7029159920E-04  -5.8734801953E-09  -7.2991758782E-04
   29      6.3695501200E-04   5.5606575104E-08  -5.6304450266E-08  -7.4560726341E-04   1.5651971650E-09
   30      1.9542634816E-09  -1.2596847279E-04  -2.3637511298E-04   3.2209421681E-09  -1.1648816025E-05
   31     -5.9003189037E-09  -2.4597089700E-04  -1.9961163424E-04   2.1593133095E-09   7.7437753750E-05
   32     -4.1136385643E-03   1.4217238954E-08   1.4839527505E-08  -2.1172474665E-04   2.1219767398E-08
   33     -3.1224848797E-07  -4.7025559273E-05  -4.3543962118E-05   5.7404142446E-10   2.4492813765E-05
   34     -4.0267732930E-07   4.3655136672E-05   3.6875430715E-05  -3.1781370094E-10  -1.4095573352E-05
   35      2.3667068703E-02   2.0016995080E-09   1.9858429344E-08  -9.4307114692E-05   1.5859534458E-09
   36      2.0016995080E-09   1.3766376554E-01  -1.6097081474E-01  -1.0549746526E-06  -4.6823647339E-03
   37      1.9858429344E-08  -1.6097081474E-01   4.0277962789E-01   1.8224889211E-06  -4.4658257740E-03
   38     -9.4307114692E-05  -1.0549746526E-06   1.8224889211E-06   1.8704467218E-03   9.4623140382E-09
   39      1.5859534458E-09  -4.6823647339E-03  -4.4658257740E-03   9.4623140382E-09   4.7769089217E-01
   40     -5.3690494125E-10   2.7549547848E-02   4.6600837012E-03   1.5868328003E-07  -2.2903589334E-02
   41     -9.3797706679E-05   2.1003628588E-07   1.1137339768E-08  -5.3017021730E-03   1.5157598291E-06
                   40                 41        
     0     -1.1548268193E-03  -1.7420885339E-09
     1      9.4557801458E-04   6.0806759424E-08
     2      5.8953675015E-08   2.0925502742E-03
     3     -1.3366197631E-03  -4.3997292177E-08
     4     -4.8609138221E-03  -3.3843139731E-08
     5     -1.1549395760E-07   2.7369135469E-03
     6     -2.9791917711E-02   1.7179461784E-07
     7      6.9576180936E-03   1.1117900261E-07
     8     -1.6347096127E-07  -5.4332642359E-03
     9     -1.5649762235E-03   6.4003729617E-08
    10      1.2362273469E-03   1.8124473459E-08
    11      5.7504418332E-08  -1.1484096914E-03
    12      5.1385024986E-05  -6.3345747669E-08
    13     -1.1305727873E-04   4.2966958395E-08
    14     -1.4385185320E-07  -7.1250826032E-04
    15      1.9406868625E-04   7.4237063530E-08
    16     -1.4199823317E-04  -3.4562431917E-08
    17      4.7188002488E-08   1.6972801878E-05
    18     -2.0594654253E-04  -1.2772637716E-09
    19     -3.0565917303E-04  -3.5458796529E-09
    20     -1.3724859778E-08  -2.1161652524E-04
    21     -1.6125751902E-04  -9.4012049072E-10
    22      1.6370617782E-04  -1.7479216049E-09
    23      6.7970490934E-09  -7.4453091964E-04
    24      2.8164962424E-02  -1.7581808504E-06
    25     -7.0727056535E-02  -2.1089006990E-07
    26      1.7562168851E-08   7.2630077506E-03
    27      1.0561101584E-03  -1.0868615845E-08
    28     -4.0579032957E-04  -6.6814961143E-08
    29      1.5574901423E-08   1.2197754282E-04
    30      4.0597964715E-05   4.1300598978E-09
    31      2.6755577993E-05  -2.0632477879E-10
    32      9.2504363506E-08   8.7649717309E-06
    33      6.9210307024E-05  -3.6190352817E-09
    34     -3.6416607538E-05   6.0423071880E-09
    35     -5.3690494125E-10  -9.3797706679E-05
    36      2.7549547848E-02   2.1003628588E-07
    37      4.6600837012E-03   1.1137339768E-08
    38      1.5868328003E-07  -5.3017021730E-03
    39     -2.2903589334E-02   1.5157598291E-06
    40      6.2600923067E-02   4.1832282968E-08
    41      4.1832282968E-08   1.4056426240E-03

$vibrational_frequencies
42
    0        0.0000000000000000
    1        0.0000000000000000
    2        0.0000000000000000
    3        0.0000000000000000
    4        0.0000000000000000
    5        0.0000000000000000
    6     -367.3568575130424847
    7      220.8095979902588795
    8      388.7108096014039234
    9      426.5491745627955993
   10      427.0418131328120239
   11      528.0050389385617109
   12      538.1626146485673416
   13      633.1028634614415296
   14      714.8904890742047655
   15      773.9457957475925696
   16      833.8768528685202455
   17      840.2952106000533377
   18      893.9897073332668924
   19      988.3756790318410594
   20     1000.3317265081498135
   21     1007.5181773011657924
   22     1021.2102975715926050
   23     1044.9913190714833036
   24     1109.8241089909738548
   25     1153.8817507634366848
   26     1178.6885701690625865
   27     1342.9915094006382787
   28     1343.4800197138765725
   29     1369.7506051629343347
   30     1493.8848036437418614
   31     1530.9173086163918924
   32     1599.1256821210215548
   33     1623.9780492740505906
   34     1662.8227750995620227
   35     3159.7121895740397122
   36     3162.3517415354149307
   37     3174.3898834616211388
   38     3177.2520750901858264
   39     3193.9067306269303117
   40     3602.8754049746562487
   41     3727.3674422275580582

$normal_modes
42 42
                    0                  1                  2                  3                  4        
    0      0.0000000000E+00   0.0000000000E+00   0.0000000000E+00   0.0000000000E+00   0.0000000000E+00
    1      0.0000000000E+00   0.0000000000E+00   0.0000000000E+00   0.0000000000E+00   0.0000000000E+00
    2      0.0000000000E+00   0.0000000000E+00   0.0000000000E+00   0.0000000000E+00   0.0000000000E+00
    3      0.0000000000E+00   0.0000000000E+00   0.0000000000E+00   0.0000000000E+00   0.0000000000E+00
    4      0.0000000000E+00   0.0000000000E+00   0.0000000000E+00   0.0000000000E+00   0.0000000000E+00
