
$orca_hessian_file

$act_atom
  0

$act_coord
  0

$act_energy
        0.000000

$multiplicity
  1

$hessian
48
                    0                  1                  2                  3                  4        
    0      7.4981638595E-01  -7.4358611549E-04   2.3848722706E-06  -1.9925558403E-01  -1.3688007148E-01
    1     -7.4358611549E-04   6.6658473948E-01   1.4273080454E-06  -7.3894776525E-02  -2.7722090702E-01
    2      2.3848722706E-06   1.4273080454E-06   1.3418978495E-01  -9.4406018478E-07  -9.9225707501E-07
    3     -1.9925558403E-01  -7.3894776525E-02  -9.4406018478E-07   6.8330968414E-01  -1.8753285379E-02
    4     -1.3688007148E-01  -2.7722090702E-01  -9.9225707501E-07  -1.8753285379E-02   7.3379449626E-01
    5     -8.4804561060E-07  -7.0093691358E-07  -6.7334635352E-02   1.8392084874E-06   4.0192480066E-07
    6     -3.6057968376E-02  -6.9116078769E-02  -2.0192635203E-07  -3.4297686457E-01   4.5314379037E-02
    7     -2.1848609029E-02   3.7513665425E-02  -8.0855864947E-08  -1.7264952462E-02  -1.2465044180E-01
    8     -7.1712559067E-08  -2.4110071982E-07   9.5194697307E-03  -2.7367662739E-07   2.9054477598E-07
    9      5.2547562333E-03  -8.0323851310E-03   2.2317383972E-07  -1.7887324149E-02   3.5875522052E-02
   10     -7.3417954990E-03  -7.2471303642E-02   4.4825848026E-08   8.4999777221E-02   2.9431098695E-02
   11     -1.4740516293E-07  -1.1797458594E-08  -6.3328953918E-03   1.7254873804E-07   2.0291097705E-08
   12     -2.1128128695E-02   7.7107684059E-02  -3.4561105860E-09  -5.1023204140E-02  -2.6992976085E-02
   13      3.1511244752E-02   2.4294634770E-02  -4.1124293635E-10  -2.2902316424E-02  -1.4684509015E-02
   14      1.1921762212E-07  -9.9912688381E-09   9.2138413788E-03  -3.2969917443E-07  -1.0543778050E-07
   15     -1.6662647450E-01   5.2176152265E-02  -3.2298622560E-07   6.0818392962E-02   1.5752352034E-02
   16      1.1533971871E-01  -2.9591977096E-01  -2.1609443664E-07  -3.3109017547E-02  -5.9272486126E-02
   17     -1.9712453792E-07  -4.4679158712E-07  -6.6667134920E-02   9.4796287041E-08  -4.1197531416E-08
   18      1.1210396944E-02  -1.7052908810E-02   6.9799862866E-08  -1.0844134025E-01   1.0777543786E-01
   19      1.3776030400E-02  -1.6862247005E-02  -1.4098677563E-07   1.0799889341E-01  -2.8727041501E-01
   20      3.8219076520E-08  -1.9405770300E-07   4.5784284806E-03  -2.1617673133E-07   6.5920892445E-07
   21     -4.7441385991E-03   1.8148999758E-03   5.7368509524E-08  -1.1776986397E-02  -2.6872831461E-02
   22      1.0140988912E-03   1.6011254652E-03  -5.4060117626E-08   3.7473948477E-03   5.8712176556E-03
   23     -8.6570961733E-08   4.8951342657E-08   6.7817358084E-03  -2.2177337088E-08  -8.5218297964E-08
   24     -4.9137170777E-03  -1.1271737002E-03  -5.3852119343E-08  -7.6841681332E-04  -5.9399417288E-04
   25     -1.2424291399E-04   1.8442708738E-03   5.4241283430E-09  -9.8924300846E-04   4.3414556095E-04
   26     -3.8996175854E-08  -1.7429939368E-08   7.2951152463E-03  -3.9026750052E-10  -4.7234828636E-08
   27      1.1134475081E-02   1.2780206301E-02   1.8718202869E-07  -2.9004399898E-04   2.6996126707E-03
   28     -1.7887995840E-02  -1.6521020848E-02   1.2137491981E-07   3.8244134829E-03  -3.5647665955E-03
   29     -2.9228670682E-08  -5.6102020681E-08   4.3004200525E-03   9.9056118728E-09  -1.7075475033E-08
   30     -3.3849096801E-01   2.1114303627E-02  -1.0262906584E-06  -1.2018058233E-02   4.7304965050E-03
   31      2.1282470868E-02  -5.8774864388E-02   6.2086410405E-08  -2.6582702903E-02   5.8434588494E-03
   32     -1.1672905604E-06   3.0339225541E-08  -3.4678306865E-02  -6.8471862851E-08  -1.1675298279E-09
   33     -7.8268694216E-03   3.1833894638E-03  -1.3667409324E-07   2.8557884196E-03   2.8585420690E-04
   34      6.4790072234E-04   4.6223036673E-03   1.1803266556E-08  -5.3896625288E-03  -8.1069619605E-03
   35     -2.2171468537E-08   6.8759329913E-08  -8.9523511273E-04  -4.1798977292E-08  -4.0046395775E-08
   36      1.7568450384E-03  -1.1659612248E-04  -1.3274270017E-07  -9.4612585323E-04  -1.7188631170E-03
   37      2.2114539435E-03   9.1251290184E-04  -5.8776715144E-09  -2.0445986766E-03  -1.2412663357E-03
   38     -8.9878052598E-08   3.5606457093E-08   1.9819963076E-04   1.6879983695E-07   2.5304050798E-08
   39     -1.6558636128E-04   2.7151183503E-05   2.0046521844E-07   3.8587182452E-05   1.0767633355E-04
   40      3.4259976721E-05   1.2921384896E-04  -1.0122714916E-07  -1.1743068714E-04   4.6755462661E-04
   41      1.7963614116E-09  -1.0632719296E-08  -4.1643120603E-05  -1.1162077105E-08  -1.8628705168E-08
   42      1.8185154978E-05   9.2873375678E-04   1.9546562200E-05  -8.1919670991E-04  -3.6165669682E-04
   43     -4.8433256514E-04   1.3379905692E-04  -2.9334041869E-05   2.3575873963E-04   8.4934940254E-05
   44     -1.2907783604E-04  -7.2983866846E-06  -6.3578106389E-05   2.1687347810E-04   3.4773535081E-04
   45      1.8390673028E-05   9.2871445496E-04  -1.9764959434E-05  -8.1930755327E-04  -3.6166156186E-04
   46     -4.8427473882E-04   1.3384837018E-04   2.9406058490E-05   2.3575768981E-04   8.4847270285E-05
   47      1.2914967842E-04   7.2231937081E-06  -6.3566410610E-05  -2.1694049769E-04  -3.4769981371E-04
                    5                  6                  7                  8                  9        
    0     -8.4804561060E-07  -3.6057968376E-02  -2.1848609029E-02  -7.1712559067E-08   5.2547562333E-03
    1     -7.0093691358E-07  -6.9116078769E-02   3.7513665425E-02  -2.4110071982E-07  -8.0323851310E-03
    2     -6.7334635352E-02  -2.0192635203E-07  -8.0855864947E-08   9.5194697307E-03   2.2317383972E-07
    3      1.8392084874E-06  -3.4297686457E-01  -1.7264952462E-02  -2.7367662739E-07  -1.7887324149E-02
    4      4.0192480066E-07   4.5314379037E-02  -1.2465044180E-01   2.9054477598E-07   3.5875522052E-02
    5      1.4328342518E-01  -4.4869619524E-07  -7.3222243997E-08  -6.3229145792E-02  -2.3710846823E-08
    6     -4.4869619524E-07   7.0589606902E-01   3.8370632609E-02   4.7262272120E-07  -1.5428643742E-01
    7     -7.3222243997E-08   3.8370632609E-02   7.1457305774E-01  -5.2232987493E-07   9.1040890968E-02
    8     -6.3229145792E-02   4.7262272120E-07  -5.2232987493E-07   1.2950552371E-01  -1.7446025019E-07
    9     -2.3710846823E-08  -1.5428643742E-01   9.1040890968E-02  -1.7446025019E-07   6.8010044016E-01
   10      2.3123383087E-07   2.5914748772E-02  -2.9398693070E-01   2.7613050908E-07   7.8158676478E-03
   11      3.1340067143E-03  -2.4757135809E-07   5.2221765214E-07  -7.0827210489E-02   3.7410891947E-07
   12     -1.4976338689E-08   5.7134197993E-02  -2.5664588834E-02  -1.7630484378E-07  -1.6307344617E-01
   13     -7.8855362540E-08   1.3427798041E-02  -4.7404098838E-02   1.2888616111E-07  -1.1574401489E-01
   14     -4.4153029263E-03   2.2804676348E-07  -9.4059986695E-08   9.1682646131E-03  -4.0125020243E-07
   15      3.1229894158E-07  -4.4179806800E-02   2.5813384041E-02  -1.2117829055E-07  -3.7077116325E-02
   16     -1.4180616501E-07   3.1949273662E-02  -2.1376495671E-02  -5.2978335821E-08  -2.1534783212E-02
   17      8.9361998081E-03   6.5566160814E-08   6.0520722750E-08  -4.6444774961E-03  -4.6744599397E-07
   18     -4.1402959281E-07  -8.8735490916E-03   2.8293210235E-02   5.3387049698E-09  -4.6368838144E-03
   19      5.7862956055E-07  -2.0188977718E-03   1.6646969821E-03  -1.1823664321E-07  -6.0763134436E-04
   20     -3.8709209870E-02  -2.1580989911E-07   1.1936280834E-07   4.2453269718E-03   3.6922517382E-08
   21     -1.7307315467E-07  -1.4050809528E-01  -1.3106133825E-01   2.6501273772E-07   1.1573764034E-02
   22      4.4426079706E-08  -1.3018653589E-01  -2.6094520178E-01   2.6658173360E-07  -1.8221279199E-02
   23      2.7448302023E-03   1.3767989417E-07   1.7016397512E-07  -3.3395145329E-02   3.5936327676E-08
   24      3.9665020034E-08  -1.6453289032E-03  -2.6846009014E-03   3.2914693881E-08   9.7806232774E-03
   25      3.0354823301E-08  -3.9969466901E-03  -2.7786368543E-03  -1.4068185076E-07   1.5393451658E-02
   26     -8.3072681665E-04  -4.3768878531E-08   6.9013525559E-08   5.0959573131E-03   7.3149519666E-08
   27     -2.1385105318E-07  -5.7501563523E-04   6.3523876482E-04   2.2500011290E-08  -3.6586768233E-03
   28     -1.5999781121E-07   6.9261252934E-04   3.9131728333E-04   9.0684949013E-08   1.5639163194E-03
   29      6.5382859733E-03  -2.1205865750E-08   7.1252771835E-08  -9.0205579993E-04   5.8751380039E-08
   30     -3.4751559842E-07   2.1726665855E-04  -3.1177714253E-03   1.7100410650E-07   1.0536591683E-03
   31     -1.7030556921E-07  -2.0179829425E-03  -3.6972668135E-03  -2.4416706182E-08  -1.8856230125E-04
   32      2.6728809267E-03  -9.0696201426E-08  -1.2125260661E-08   6.8265329326E-03   3.8709568812E-08
   33      1.9789094267E-08  -3.7442235140E-02   1.6461149300E-02   2.9655187109E-07  -2.8862755511E-01
   34      8.3820124121E-09   4.2617016264E-02  -2.7869698794E-04   1.7280141617E-08   1.5308346934E-02
   35      6.5910855883E-03   9.2860662562E-08  -7.2179545609E-08   9.9326937335E-03   1.9135568005E-08
   36      4.2491513156E-08   2.7291703749E-03  -1.0604115208E-03  -4.4471035042E-08  -5.2419011791E-02
   37      5.2647319071E-08   1.0305861842E-02   8.6777624887E-04  -1.1198915575E-07  -1.6104730800E-02
   38      6.7237591990E-04  -1.0770551459E-07   8.7196324642E-09  -1.2091050556E-03   3.7614852279E-07
   39     -7.3240206119E-08  -4.6901406288E-05  -1.2730778440E-04  -1.6245506585E-08   2.6361193357E-03
   40      1.6201816132E-08   2.4004484711E-04  -1.1572853715E-03  -2.9461280444E-08  -1.9805846004E-03
   41      1.2394387231E-04  -2.8143825434E-08  -3.1333144756E-08   3.4027148307E-04  -2.0363414114E-08
   42      5.9635449608E-04   3.0774425296E-04   1.0946513714E-03  -4.6586778385E-04   5.6335255866E-03
   43     -1.4596662898E-04  -7.3496120039E-04   6.3225640921E-04   5.4321642009E-04   7.7064262045E-03
   44     -8.9043103630E-05  -5.1988900632E-05  -7.7024953057E-04  -2.1347710678E-04   1.8937024599E-03
   45     -5.9636143666E-04   3.0775433112E-04   1.0943957932E-03   4.6587620379E-04   5.6335638129E-03
   46      1.4584340567E-04  -7.3493722070E-04   6.3228471793E-04  -5.4321944945E-04   7.7066848797E-03
   47     -8.8970320780E-05   5.2001332847E-05   7.7028850106E-04  -2.1342342257E-04  -1.8939931951E-03
                   10                 11                 12                 13                 14        
    0     -7.3417954990E-03  -1.4740516293E-07  -2.1128128695E-02   3.1511244752E-02   1.1921762212E-07
    1     -7.2471303642E-02  -1.1797458594E-08   7.7107684059E-02   2.4294634770E-02  -9.9912688381E-09
    2      4.4825848026E-08  -6.3328953918E-03  -3.4561105860E-09  -4.1124293635E-10   9.2138413788E-03
    3      8.4999777221E-02   1.7254873804E-07  -5.1023204140E-02  -2.2902316424E-02  -3.2969917443E-07
    4      2.9431098695E-02   2.0291097705E-08  -2.6992976085E-02  -1.4684509015E-02  -1.0543778050E-07
    5      2.3123383087E-07   3.1340067143E-03  -1.4976338689E-08  -7.8855362540E-08  -4.4153029263E-03
    6      2.5914748772E-02  -2.4757135809E-07   5.7134197993E-02   1.3427798041E-02   2.2804676348E-07
    7     -2.9398693070E-01   5.2221765214E-07  -2.5664588834E-02  -4.7404098838E-02  -9.4059986695E-08
    8      2.7613050908E-07  -7.0827210489E-02  -1.7630484378E-07   1.2888616111E-07   9.1682646131E-03
    9      7.8158676478E-03   3.7410891947E-07  -1.6307344617E-01  -1.1574401489E-01  -4.0125020243E-07
   10      7.0845020195E-01  -3.2807112089E-07  -4.9639410978E-02  -2.7146042017E-01  -3.8490807092E-07
   11     -3.2807112089E-07   1.6814118281E-01   6.1263162713E-09  -4.1219116597E-07  -7.1650933045E-02
   12     -4.9639410978E-02   6.1263162713E-09   7.2715957480E-01  -3.8885924011E-02   1.7001723099E-06
   13     -2.7146042017E-01  -4.1219116597E-07  -3.8885924011E-02   7.1237054376E-01   7.7562237397E-07
   14     -3.8490807092E-07  -7.1650933045E-02   1.7001723099E-06   7.7562237397E-07   1.2993815367E-01
   15     -7.1925052758E-02  -8.5169870146E-08  -3.6278649898E-01   4.8652911992E-02  -1.3378612410E-06
   16      4.7220757687E-02  -8.7358772041E-08  -1.3005375675E-02  -1.2850749033E-01  -1.5018031127E-07
   17     -4.1023740094E-07   3.2138813053E-03  -1.5057557773E-06   2.6685750632E-07  -6.1994045051E-02
   18     -1.4415254061E-03   5.3602160377E-08  -6.7017506469E-04  -5.5936170032E-04   7.5431581795E-08
   19      1.8262546219E-03   6.2704769911E-09  -6.1037349014E-04   5.7401712524E-04  -9.0724383112E-09
   20     -5.4983570206E-08   7.1580573231E-03   4.5779779371E-08   3.0195586169E-08  -9.5420874250E-04
   21      1.1252787493E-02  -1.5604875564E-08  -8.1388465277E-04   2.5532979867E-03   7.8877216382E-08
   22     -1.6281394766E-02  -1.3008450419E-07   3.6797531124E-03  -3.3490721855E-03   1.7627225377E-07
   23      1.1473664610E-07   4.0495815776E-03   1.8777308956E-08  -9.0978149645E-09   5.3766137389E-03
   24     -1.5874508550E-02  -1.2058595688E-07  -1.1259812822E-01   1.1367112873E-01  -3.7273905020E-08
   25     -1.7666454269E-02   1.6605321006E-07   1.1199365359E-01  -2.8456789503E-01  -2.2575730670E-07
   26     -1.3238246610E-07   5.0776213094E-03   8.7892970717E-08  -2.2367177087E-07  -3.5204138335E-02
   27      2.2465138543E-03  -7.3649742037E-08  -1.2193919528E-02  -2.6807503723E-02  -1.9646136753E-07
   28      1.2701585984E-03   1.8196191336E-08   3.9909417829E-03   5.3695407114E-03   1.2851475035E-07
   29      4.6412261709E-08   7.8398183416E-03  -1.9255956703E-07  -1.2087068658E-07   4.3119345825E-03
   30     -2.0137060751E-04  -8.2692091483E-08   8.9300680636E-04   2.4671529444E-03   1.0230720578E-07
   31     -1.3573553394E-03  -3.7810192130E-08   1.3218557547E-03  -4.4512518502E-03  -1.1986838718E-08
   32     -5.1281255399E-08  -4.5123747706E-04   8.3116920932E-09   1.2292800807E-08   6.4242686371E-03
   33      5.2493198242E-02  -3.2006346463E-07  -5.7758330455E-02  -1.1399966945E-02   1.4652898168E-07
   34     -1.1682045111E-01   1.4109706908E-07  -4.4499629746E-02   1.1209223437E-02  -6.3464536882E-08
   35      4.2554650183E-07  -4.6711917769E-02   1.2979020021E-07  -2.2563408429E-07   7.3764300406E-03
   36     -3.2976251248E-02   4.9293283114E-07   7.0872927514E-04   4.9577953636E-03  -1.1487217460E-08
   37      6.2324275505E-03   2.9168067221E-07   5.2612150844E-03   1.0863914493E-03  -1.4898033640E-07
   38      9.4199764894E-08  -5.1698681091E-03  -1.3371468823E-07   4.7054171008E-08   2.7325270622E-03
   39     -2.9495528018E-03   1.1719484347E-09  -1.1396796043E-03   2.9054829524E-04  -2.2165091875E-07
   40     -3.7074006256E-03  -4.3296325215E-08  -1.3380891975E-03   3.6842044974E-04   7.7108653496E-08
   41      8.3336704987E-08   5.8775812837E-04   1.0025101304E-08  -3.6456278241E-08   2.5240836864E-04
   42     -1.1852850015E-03  -1.5493536579E-03  -1.3550768750E-03  -6.0916904966E-04   4.5050713903E-04
   43     -3.3963047315E-04  -1.2061950258E-04  -1.3665685410E-03  -4.2403456433E-04   3.4682947315E-04
   44     -3.2434178002E-04   9.7108538655E-04  -4.6218709938E-04  -1.8234399979E-05  -2.8796292933E-04
   45     -1.1852755646E-03   1.5494878393E-03  -1.3550364982E-03  -6.0912305387E-04  -4.5043932883E-04
   46     -3.3955801308E-04   1.2061419560E-04  -1.3666651348E-03  -4.2399971430E-04  -3.4688247921E-04
   47      3.2427733198E-04   9.7106938937E-04   4.6222428316E-04   1.8180006699E-05  -2.8785106256E-04
                   15                 16                 17                 18                 19        
    0     -1.6662647450E-01   1.1533971871E-01  -1.9712453792E-07   1.1210396944E-02   1.3776030400E-02
    1      5.2176152265E-02  -2.9591977096E-01  -4.4679158712E-07  -1.7052908810E-02  -1.6862247005E-02
    2     -3.2298622560E-07  -2.1609443664E-07  -6.6667134920E-02   6.9799862866E-08  -1.4098677563E-07
    3      6.0818392962E-02  -3.3109017547E-02   9.4796287041E-08  -1.0844134025E-01   1.0799889341E-01
    4      1.5752352034E-02  -5.9272486126E-02  -4.1197531416E-08   1.0777543786E-01  -2.8727041501E-01
    5      3.1229894158E-07  -1.4180616501E-07   8.9361998081E-03  -4.1402959281E-07   5.7862956055E-07
    6     -4.4179806800E-02   3.1949273662E-02   6.5566160814E-08  -8.8735490916E-03  -2.0188977718E-03
    7      2.5813384041E-02  -2.1376495671E-02   6.0520722750E-08   2.8293210235E-02   1.6646969821E-03
    8     -1.2117829055E-07  -5.2978335821E-08  -4.6444774961E-03   5.3387049698E-09  -1.1823664321E-07
    9     -3.7077116325E-02  -2.1534783212E-02  -4.6744599397E-07  -4.6368838144E-03  -6.0763134436E-04
   10     -7.1925052758E-02   4.7220757687E-02  -4.1023740094E-07  -1.4415254061E-03   1.8262546219E-03
   11     -8.5169870146E-08  -8.7358772041E-08   3.2138813053E-03   5.3602160377E-08   6.2704769911E-09
   12     -3.6278649898E-01  -1.3005375675E-02  -1.5057557773E-06  -6.7017506469E-04  -6.1037349014E-04
   13      4.8652911992E-02  -1.2850749033E-01   2.6685750632E-07  -5.5936170032E-04   5.7401712524E-04
   14     -1.3378612410E-06  -1.5018031127E-07  -6.1994045051E-02   7.5431581795E-08  -9.0724383112E-09
   15      7.0494976545E-01   3.2396149929E-02   2.8131714104E-06  -1.3184903301E-03  -4.1361252836E-03
   16      3.2396149929E-02   7.1606669462E-01   1.7568154556E-06  -2.9864626726E-03  -2.5747298373E-03
   17      2.8131714104E-06   1.7568154556E-06   1.4264114822E-01   5.7314209050E-08  -8.5023044457E-09
   18     -1.3184903301E-03  -2.9864626726E-03   5.7314209050E-08   1.1085180802E-01  -1.1561140328E-01
   19     -4.1361252836E-03  -2.5747298373E-03  -8.5023044457E-09  -1.1561140328E-01   3.0178896077E-01
   20     -8.3568065544E-08  -7.8515320645E-09   6.8648957352E-03   1.1801339055E-07  -3.9572382674E-07
   21     -6.2637658114E-04   8.4092717211E-04  -1.0095515440E-07   1.4542259589E-03   1.1011432172E-04
   22      1.1006809822E-03   1.0797557784E-04  -9.9887598094E-08  -1.7442212548E-04   7.7100913172E-04
   23      4.9600587094E-09  -1.8655181222E-08  -7.1677961473E-04   4.1603945161E-08  -8.7319021630E-09
   24     -7.6923908878E-03   2.8055076548E-02   7.2502319725E-09   6.6490547906E-05   1.0731693184E-04
   25     -2.0124017090E-03   2.9398101032E-03   6.5341757977E-08   6.4439626947E-05  -4.0917636153E-05
   26     -1.0307317114E-07   1.7822881663E-07   3.0516805272E-03  -2.3037123103E-10   7.5887427225E-09
   27     -1.4453070379E-01  -1.2917287245E-01  -8.8488582743E-07   3.7747871107E-04   6.2876840546E-04
   28     -1.2965246891E-01  -2.5178444576E-01  -1.2535557446E-06  -8.1757797621E-04  -9.2853968324E-04
   29     -8.2181089244E-07  -1.2229075151E-06  -3.9105314697E-02   6.7918177108E-10  -2.5026478479E-09
   30     -8.2559680182E-03  -2.5851417668E-03  -1.1914696038E-07   8.8562677189E-04   7.6825047096E-05
   31      2.8569773179E-02   2.2470257668E-03   3.3890814274E-08   6.8068822376E-04   1.1945457359E-03
   32     -1.7989984687E-08  -3.2254507306E-08   2.4914203592E-03   5.6306683028E-08   2.2952502012E-08
   33      6.7570343139E-03  -3.4479437590E-03  -6.8499862266E-08  -1.3007385005E-03   4.5147230910E-04
   34      2.1383645400E-03  -8.2908781874E-03  -7.2163770518E-08   1.6093700975E-03  -8.2477226205E-06
   35      3.7566428710E-08  -3.6544657076E-09   4.2814998489E-03   1.8920476555E-09   4.3467364885E-09
   36     -1.2321584122E-03  -1.3115298378E-03   1.2973917157E-07   4.6960869187E-04  -1.8378649746E-04
   37      2.7943217468E-04  -3.6589542208E-04   2.1297146000E-07   4.4856648417E-04  -2.3632005272E-04
   38     -5.2793780955E-08  -8.2907186315E-09   1.6703536351E-03  -4.6659494691E-09   1.2258169468E-08
   39      5.4756642799E-05  -3.3321442584E-04   1.5505914803E-08  -5.5002245132E-05   2.5677141167E-05
   40      1.4780603870E-04  -4.1510176139E-04  -1.0224639099E-07  -5.0804359720E-05   3.8844457254E-06
   41     -4.4752306210E-09   4.2322957067E-08   2.1649904105E-07   2.2958770055E-09   7.8636717795E-09
   42      8.7303597806E-04  -5.4365281017E-04   2.5227647728E-04  -9.7456325905E-06  -2.1510618568E-06
   43      3.4579534588E-04  -3.7451216538E-05   2.0738816432E-04  -8.9944493643E-05   4.9017000094E-05
   44      1.0871267821E-04   6.4026257236E-05  -1.1747566760E-05  -2.5179229072E-05  -1.6666249492E-06
   45      8.7299927507E-04  -5.4366884829E-04  -2.5233927107E-04  -9.7107112044E-06  -2.1142726708E-06
   46      3.4576311766E-04  -3.7518477389E-05  -2.0739051605E-04  -8.9916663309E-05   4.9031135711E-05
   47     -1.0870650378E-04  -6.4021056189E-05  -1.1796590884E-05   2.5161912696E-05   1.6423906404E-06
                   20                 21                 22                 23                 24        
    0      3.8219076520E-08  -4.7441385991E-03   1.0140988912E-03  -8.6570961733E-08  -4.9137170777E-03
    1     -1.9405770300E-07   1.8148999758E-03   1.6011254652E-03   4.8951342657E-08  -1.1271737002E-03
    2      4.5784284806E-03   5.7368509524E-08  -5.4060117626E-08   6.7817358084E-03  -5.3852119343E-08
    3     -2.1617673133E-07  -1.1776986397E-02   3.7473948477E-03  -2.2177337088E-08  -7.6841681332E-04
    4      6.5920892445E-07  -2.6872831461E-02   5.8712176556E-03  -8.5218297964E-08  -5.9399417288E-04
    5     -3.8709209870E-02  -1.7307315467E-07   4.4426079706E-08   2.7448302023E-03   3.9665020034E-08
    6     -2.1580989911E-07  -1.4050809528E-01  -1.3018653589E-01   1.3767989417E-07  -1.6453289032E-03
    7      1.1936280834E-07  -1.3106133825E-01  -2.6094520178E-01   1.7016397512E-07  -2.6846009014E-03
    8      4.2453269718E-03   2.6501273772E-07   2.6658173360E-07  -3.3395145329E-02   3.2914693881E-08
    9      3.6922517382E-08   1.1573764034E-02  -1.8221279199E-02   3.5936327676E-08   9.7806232774E-03
   10     -5.4983570206E-08   1.1252787493E-02  -1.6281394766E-02   1.1473664610E-07  -1.5874508550E-02
   11      7.1580573231E-03  -1.5604875564E-08  -1.3008450419E-07   4.0495815776E-03  -1.2058595688E-07
   12      4.5779779371E-08  -8.1388465277E-04   3.6797531124E-03   1.8777308956E-08  -1.1259812822E-01
   13      3.0195586169E-08   2.5532979867E-03  -3.3490721855E-03  -9.0978149645E-09   1.1367112873E-01
   14     -9.5420874250E-04   7.8877216382E-08   1.7627225377E-07   5.3766137389E-03  -3.7273905020E-08
   15     -8.3568065544E-08  -6.2637658114E-04   1.1006809822E-03   4.9600587094E-09  -7.6923908878E-03
   16     -7.8515320645E-09   8.4092717211E-04   1.0797557784E-04  -1.8655181222E-08   2.8055076548E-02
   17      6.8648957352E-03  -1.0095515440E-07  -9.9887598094E-08  -7.1677961473E-04   7.2502319725E-09
   18      1.1801339055E-07   1.4542259589E-03  -1.7442212548E-04   4.1603945161E-08   6.6490547906E-05
   19     -3.9572382674E-07   1.1011432172E-04   7.7100913172E-04  -8.7319021630E-09   1.0731693184E-04
   20      2.6270345401E-02   3.0319823821E-08   2.7272113385E-09  -4.3696658260E-03   8.1574209334E-09
   21      3.0319823821E-08   1.5066520151E-01   1.4142706163E-01  -1.9163357304E-07   3.9266705812E-04
   22      2.7272113385E-09   1.4142706163E-01   2.7077949479E-01  -1.7231537802E-07  -8.5717813682E-04
   23     -4.3696658260E-03  -1.9163357304E-07  -1.7231537802E-07   2.3557874470E-02   1.4730990929E-08
   24      8.1574209334E-09   3.9266705812E-04  -8.5717813682E-04   1.4730990929E-08   1.1462159970E-01
   25      3.3594686591E-08   7.1729135833E-04  -8.6818669113E-04   5.9017460645E-10  -1.2244156824E-01
   26     -7.6605902351E-04   8.2899681788E-09  -5.8839583176E-09  -3.6372785958E-05   1.5752056045E-08
   27     -9.6487228210E-09   4.1355317150E-05  -9.1117424923E-05   7.5326895760E-11   1.4813246919E-03
   28      3.6081638275E-09  -1.0528559136E-04  -9.4324035612E-06  -4.1037465612E-09  -2.6019709903E-04
   29      1.0566469966E-04   1.0003861510E-08   6.9825842524E-09  -8.0654302994E-04   3.7161629170E-08
   30      5.0003176601E-08  -6.4049266631E-04   2.2426191939E-04  -4.8665542525E-08  -4.7590570379E-04
   31     -8.7128201831E-08  -1.1628115521E-03   1.4624823505E-04  -1.8675089950E-09   1.2732632233E-03
   32     -4.3487382949E-03  -2.7089241707E-08   7.6669362614E-09   4.9872097688E-04  -3.0343367197E-09
   33      3.6250403264E-08   7.3970909237E-05  -1.0003192317E-03   8.8655063669E-09   1.7064425917E-03
   34     -4.7006526940E-10  -1.7993037795E-03   1.3763802654E-03  -2.8111382036E-08   6.2955002146E-04
   35     -8.7346508361E-05   7.2190157657E-09  -1.1407532700E-08  -2.7879063743E-03  -2.3479611408E-09
   36      7.9378732771E-08  -2.5501301774E-03  -6.3556984036E-04   1.2179316833E-07  -8.3490550923E-05
   37      5.0165713793E-08   1.4858566824E-03  -4.7988306606E-04  -2.1304192406E-08  -1.5060246875E-04
   38     -4.3974190026E-05  -6.1508975150E-08   4.4819339647E-08  -6.8551071431E-04  -8.9231384240E-09
   39     -4.4483553051E-09   1.2647659448E-04  -5.3525510840E-05   5.0729763199E-08   5.1560470351E-05
   40      6.0278758611E-08   4.3380208269E-04   7.3939845910E-04   2.0735580439E-08   5.6240291863E-05
   41      3.0890439068E-05   6.7265303950E-09  -4.4639739199E-09  -3.3336932682E-04  -3.8447538936E-09
   42     -4.5067853346E-05  -1.3337695813E-03   1.4924962056E-05  -1.1357482799E-03   3.8347376091E-05
   43      2.0563560998E-05   1.8117099114E-04   2.7015654560E-04   9.1330803315E-05   1.0066045237E-04
   44      1.2786233061E-05  -2.0035664092E-05   6.1892121638E-04   6.0947595705E-05   3.1571088789E-05
   45      4.5108425444E-05  -1.3337874484E-03   1.4922769311E-05   1.1358004390E-03   3.8322436876E-05
   46     -2.0714406964E-05   1.8120917903E-04   2.7016476406E-04  -9.1401071062E-05   1.0062238233E-04
   47      1.2807170833E-05   2.0003447471E-05  -6.1892809403E-04   6.0988631211E-05  -3.1570600487E-05
                   25                 26                 27                 28                 29        
    0     -1.2424291399E-04  -3.8996175854E-08   1.1134475081E-02  -1.7887995840E-02  -2.9228670682E-08
    1      1.8442708738E-03  -1.7429939368E-08   1.2780206301E-02  -1.6521020848E-02  -5.6102020681E-08
    2      5.4241283430E-09   7.2951152463E-03   1.8718202869E-07   1.2137491981E-07   4.3004200525E-03
    3     -9.8924300846E-04  -3.9026750052E-10  -2.9004399898E-04   3.8244134829E-03   9.9056118728E-09
    4      4.3414556095E-04  -4.7234828636E-08   2.6996126707E-03  -3.5647665955E-03  -1.7075475033E-08
    5      3.0354823301E-08  -8.3072681665E-04  -2.1385105318E-07  -1.5999781121E-07   6.5382859733E-03
    6     -3.9969466901E-03  -4.3768878531E-08  -5.7501563523E-04   6.9261252934E-04  -2.1205865750E-08
    7     -2.7786368543E-03   6.9013525559E-08   6.3523876482E-04   3.9131728333E-04   7.1252771835E-08
    8     -1.4068185076E-07   5.0959573131E-03   2.2500011290E-08   9.0684949013E-08  -9.0205579993E-04
    9      1.5393451658E-02   7.3149519666E-08  -3.6586768233E-03   1.5639163194E-03   5.8751380039E-08
   10     -1.7666454269E-02  -1.3238246610E-07   2.2465138543E-03   1.2701585984E-03   4.6412261709E-08
   11      1.6605321006E-07   5.0776213094E-03  -7.3649742037E-08   1.8196191336E-08   7.8398183416E-03
   12      1.1199365359E-01   8.7892970717E-08  -1.2193919528E-02   3.9909417829E-03  -1.9255956703E-07
   13     -2.8456789503E-01  -2.2367177087E-07  -2.6807503723E-02   5.3695407114E-03  -1.2087068658E-07
   14     -2.2575730670E-07  -3.5204138335E-02  -1.9646136753E-07   1.2851475035E-07   4.3119345825E-03
   15     -2.0124017090E-03  -1.0307317114E-07  -1.4453070379E-01  -1.2965246891E-01  -8.2181089244E-07
   16      2.9398101032E-03   1.7822881663E-07  -1.2917287245E-01  -2.5178444576E-01  -1.2229075151E-06
   17      6.5341757977E-08   3.0516805272E-03  -8.8488582743E-07  -1.2535557446E-06  -3.9105314697E-02
   18      6.4439626947E-05  -2.3037123103E-10   3.7747871107E-04  -8.1757797621E-04   6.7918177108E-10
   19     -4.0917636153E-05   7.5887427225E-09   6.2876840546E-04  -9.2853968324E-04  -2.5026478479E-09
   20      3.3594686591E-08  -7.6605902351E-04  -9.6487228210E-09   3.6081638275E-09   1.0566469966E-04
   21      7.1729135833E-04   8.2899681788E-09   4.1355317150E-05  -1.0528559136E-04   1.0003861510E-08
   22     -8.6818669113E-04  -5.8839583176E-09  -9.1117424923E-05  -9.4324035612E-06   6.9825842524E-09
   23      5.9017460645E-10  -3.6372785958E-05   7.5326895760E-11  -4.1037465612E-09  -8.0654302994E-04
   24     -1.2244156824E-01   1.5752056045E-08   1.4813246919E-03  -2.6019709903E-04   3.7161629170E-08
   25      2.9762690196E-01   1.2215765965E-07   2.6177670042E-04   6.6841986705E-04  -4.5071758631E-09
   26      1.2215765965E-07   2.4467259364E-02   2.9698530844E-08   3.5994902168E-08  -4.6942878367E-03
   27      2.6177670042E-04   2.9698530844E-08   1.4906473177E-01   1.3887723209E-01   9.5857907607E-07
   28      6.6841986705E-04   3.5994902168E-08   1.3887723209E-01   2.6354582312E-01   1.1356527730E-06
   29     -4.5071758631E-09  -4.6942878367E-03   9.5857907607E-07   1.1356527730E-06   2.6451569813E-02
   30     -1.4191431700E-04   1.7842959791E-08   7.5449130565E-04  -1.5001073234E-05   2.2738643481E-08
   31      2.1581833052E-05  -1.7662790347E-08  -6.5929763269E-04   1.3170443155E-03   4.2991136153E-08
   32      5.5273429415E-09   4.1713972232E-04   2.6455228418E-08   1.8331038064E-08  -4.0037448417E-03
   33      1.3738363287E-03  -2.6414933072E-08  -1.3929098090E-03  -3.8889698091E-04   7.4986611078E-08
   34      1.9873609611E-03  -3.9736471002E-09  -1.5788165341E-03   1.3646372637E-04  -3.1548088716E-08
   35      9.4237213686E-09  -3.2297254589E-03  -5.7373809442E-09  -3.7443339173E-08   2.3185401874E-04
   36     -2.5394611126E-04   1.8994974156E-08  -8.0662540546E-05   2.0656215724E-04   6.1842485076E-08
   37      1.8775940581E-04  -7.2054598200E-08   4.3451406562E-04   1.7141887732E-04   6.6178175972E-08
   38      4.2671773095E-09  -6.5711896366E-04   1.9796701299E-09   1.0833041214E-08  -2.5498927454E-04
   39     -1.2670675467E-05   5.6125645204E-08  -1.0819227288E-04  -6.2213063664E-06   1.5588688170E-08
   40     -2.3485910912E-05   5.4062213612E-08  -1.1183260858E-04   6.7388474798E-06   4.6887809576E-09
   41      3.7290507866E-09  -5.4985660441E-06   3.2568787047E-09   2.6837699434E-10  -4.2246581189E-05
   42      8.2230493754E-05  -1.2010167248E-04  -1.1892154973E-05  -1.0535186405E-05  -4.6036573532E-05
   43      1.1766243532E-04  -1.5138481881E-04  -7.1710987829E-05  -3.4358932413E-05  -3.2942272733E-05
   44      4.2540989017E-05   9.5770349079E-06  -2.2354439397E-05  -2.5602144618E-06   1.4804639923E-05
   45      8.2218585444E-05   1.2008054148E-04  -1.1840326747E-05  -1.0497152372E-05   4.6024267417E-05
   46      1.1766339026E-04   1.5137008014E-04  -7.1712739365E-05  -3.4361121242E-05   3.2918284883E-05
   47     -4.2548519608E-05   9.5772691040E-06   2.2335820683E-05   2.5571989734E-06   1.4829939862E-05
                   30                 31                 32                 33                 34        
    0     -3.3849096801E-01   2.1282470868E-02  -1.1672905604E-06  -7.8268694216E-03   6.4790072234E-04
    1      2.1114303627E-02  -5.8774864388E-02   3.0339225541E-08   3.1833894638E-03   4.6223036673E-03
    2     -1.0262906584E-06   6.2086410405E-08  -3.4678306865E-02  -1.3667409324E-07   1.1803266556E-08
    3     -1.2018058233E-02  -2.6582702903E-02  -6.8471862851E-08   2.8557884196E-03  -5.3896625288E-03
    4      4.7304965050E-03   5.8434588494E-03  -1.1675298279E-09   2.8585420690E-04  -8.1069619605E-03
    5     -3.4751559842E-07  -1.7030556921E-07   2.6728809267E-03   1.9789094267E-08   8.3820124121E-09
    6      2.1726665855E-04  -2.0179829425E-03  -9.0696201426E-08  -3.7442235140E-02   4.2617016264E-02
    7     -3.1177714253E-03  -3.6972668135E-03  -1.2125260661E-08   1.6461149300E-02  -2.7869698794E-04
    8      1.7100410650E-07  -2.4416706182E-08   6.8265329326E-03   2.9655187109E-07   1.7280141617E-08
    9      1.0536591683E-03  -1.8856230125E-04   3.8709568812E-08  -2.8862755511E-01   1.5308346934E-02
   10     -2.0137060751E-04  -1.3573553394E-03  -5.1281255399E-08   5.2493198242E-02  -1.1682045111E-01
   11     -8.2692091483E-08  -3.7810192130E-08  -4.5123747706E-04  -3.2006346463E-07   1.4109706908E-07
   12      8.9300680636E-04   1.3218557547E-03   8.3116920932E-09  -5.7758330455E-02  -4.4499629746E-02
   13      2.4671529444E-03  -4.4512518502E-03   1.2292800807E-08  -1.1399966945E-02   1.1209223437E-02
   14      1.0230720578E-07  -1.1986838718E-08   6.4242686371E-03   1.4652898168E-07  -6.3464536882E-08
   15     -8.2559680182E-03   2.8569773179E-02  -1.7989984687E-08   6.7570343139E-03   2.1383645400E-03
   16     -2.5851417668E-03   2.2470257668E-03  -3.2254507306E-08  -3.4479437590E-03  -8.2908781874E-03
   17     -1.1914696038E-07   3.3890814274E-08   2.4914203592E-03  -6.8499862266E-08  -7.2163770518E-08
   18      8.8562677189E-04   6.8068822376E-04   5.6306683028E-08  -1.3007385005E-03   1.6093700975E-03
   19      7.6825047096E-05   1.1945457359E-03   2.2952502012E-08   4.5147230910E-04  -8.2477226205E-06
   20      5.0003176601E-08  -8.7128201831E-08  -4.3487382949E-03   3.6250403264E-08  -4.7006526940E-10
   21     -6.4049266631E-04  -1.1628115521E-03  -2.7089241707E-08   7.3970909237E-05  -1.7993037795E-03
   22      2.2426191939E-04   1.4624823505E-04   7.6669362614E-09  -1.0003192317E-03   1.3763802654E-03
   23     -4.8665542525E-08  -1.8675089950E-09   4.9872097688E-04   8.8655063669E-09  -2.8111382036E-08
   24     -4.7590570379E-04   1.2732632233E-03  -3.0343367197E-09   1.7064425917E-03   6.2955002146E-04
   25     -1.4191431700E-04   2.1581833052E-05   5.5273429415E-09   1.3738363287E-03   1.9873609611E-03
   26      1.7842959791E-08  -1.7662790347E-08   4.1713972232E-04  -2.6414933072E-08  -3.9736471002E-09
   27      7.5449130565E-04  -6.5929763269E-04   2.6455228418E-08  -1.3929098090E-03  -1.5788165341E-03
   28     -1.5001073234E-05   1.3170443155E-03   1.8331038064E-08  -3.8889698091E-04   1.3646372637E-04
   29      2.2738643481E-08   4.2991136153E-08  -4.0037448417E-03   7.4986611078E-08  -3.1548088716E-08
   30      3.5643367838E-01  -2.2597686758E-02   1.2610650292E-06  -3.9016743563E-04  -3.1250954499E-05
   31     -2.2597686758E-02   5.7139294462E-02   9.7103954057E-08   7.6123524084E-05   3.3390043135E-04
   32      1.2610650292E-06   9.7103954057E-08   2.5068925579E-02   4.9444076031E-09   2.5248511586E-08
   33     -3.9016743563E-04   7.6123524084E-05   4.9444076031E-09   5.4253237424E-01   8.0282037298E-02
   34     -3.1250954499E-05   3.3390043135E-04   2.5248511586E-08   8.0282037298E-02   3.5118487199E-01
   35      1.3972612947E-08  -1.5456482333E-11  -6.2881136159E-04  -1.3584815915E-06  -1.8571389182E-06
   36      7.5301084898E-05  -2.2647775770E-05  -3.5594921552E-08  -1.2582855474E-01  -4.7176416819E-02
   37      1.1143614529E-04  -3.2965092827E-05  -3.2322572766E-08  -7.6618661000E-02  -1.8762109778E-01
   38      3.4841526913E-09  -1.5845448333E-09  -3.3181775567E-04   7.1010400787E-07   7.6832049158E-07
   39     -2.4199539435E-05   7.2893176972E-06  -1.6666308382E-08  -2.7360010270E-02  -1.3866159533E-03
   40      1.1961794272E-05   4.2408724518E-05   1.5821959957E-09  -3.9208866952E-02   5.3819718431E-03
   41     -4.3596327437E-09  -1.8695103938E-09  -2.1449336942E-05   2.8075999268E-07  -2.3623517468E-09
   42     -8.6411253357E-06   1.3381654185E-05  -1.1107206561E-04  -2.9993153997E-03  -2.0639885096E-02
   43     -2.6414954474E-05   1.4090418549E-05  -8.6273606428E-06  -1.1316955869E-02  -2.7552966207E-02
   44      2.1318786331E-05   3.4415122960E-05   3.2121343882E-05  -5.8604276175E-03  -1.9752213804E-03
   45     -8.6294374287E-06   1.3384247313E-05   1.1108528258E-04  -2.9989241878E-03  -2.0639752232E-02
   46     -2.6424252917E-05   1.4104712135E-05   8.6472319823E-06  -1.1316702169E-02  -2.7553176357E-02
   47     -2.1314709892E-05  -3.4408312676E-05   3.2095455164E-05   5.8607131727E-03   1.9760743332E-03
                   35                 36                 37                 38                 39        
    0     -2.2171468537E-08   1.7568450384E-03   2.2114539435E-03  -8.9878052598E-08  -1.6558636128E-04
    1      6.8759329913E-08  -1.1659612248E-04   9.1251290184E-04   3.5606457093E-08   2.7151183503E-05
    2     -8.9523511273E-04  -1.3274270017E-07  -5.8776715144E-09   1.9819963076E-04   2.0046521844E-07
    3     -4.1798977292E-08  -9.4612585323E-04  -2.0445986766E-03   1.6879983695E-07   3.8587182452E-05
    4     -4.0046395775E-08  -1.7188631170E-03  -1.2412663357E-03   2.5304050798E-08   1.0767633355E-04
    5      6.5910855883E-03   4.2491513156E-08   5.2647319071E-08   6.7237591990E-04  -7.3240206119E-08
    6      9.2860662562E-08   2.7291703749E-03   1.0305861842E-02  -1.0770551459E-07  -4.6901406288E-05
    7     -7.2179545609E-08  -1.0604115208E-03   8.6777624887E-04   8.7196324642E-09  -1.2730778440E-04
    8      9.9326937335E-03  -4.4471035042E-08  -1.1198915575E-07  -1.2091050556E-03  -1.6245506585E-08
    9      1.9135568005E-08  -5.2419011791E-02  -1.6104730800E-02   3.7614852279E-07   2.6361193357E-03
   10      4.2554650183E-07  -3.2976251248E-02   6.2324275505E-03   9.4199764894E-08  -2.9495528018E-03
   11     -4.6711917769E-02   4.9293283114E-07   2.9168067221E-07  -5.1698681091E-03   1.1719484347E-09
   12      1.2979020021E-07   7.0872927514E-04   5.2612150844E-03  -1.3371468823E-07  -1.1396796043E-03
   13     -2.2563408429E-07   4.9577953636E-03   1.0863914493E-03   4.7054171008E-08   2.9054829524E-04
   14      7.3764300406E-03  -1.1487217460E-08  -1.4898033640E-07   2.7325270622E-03  -2.2165091875E-07
   15      3.7566428710E-08  -1.2321584122E-03   2.7943217468E-04  -5.2793780955E-08   5.4756642799E-05
   16     -3.6544657076E-09  -1.3115298378E-03  -3.6589542208E-04  -8.2907186315E-09  -3.3321442584E-04
   17      4.2814998489E-03   1.2973917157E-07   2.1297146000E-07   1.6703536351E-03   1.5505914803E-08
   18      1.8920476555E-09   4.6960869187E-04   4.4856648417E-04  -4.6659494691E-09  -5.5002245132E-05
   19      4.3467364885E-09  -1.8378649746E-04  -2.3632005272E-04   1.2258169468E-08   2.5677141167E-05
   20     -8.7346508361E-05   7.9378732771E-08   5.0165713793E-08  -4.3974190026E-05  -4.4483553051E-09
   21      7.2190157657E-09  -2.5501301774E-03   1.4858566824E-03  -6.1508975150E-08   1.2647659448E-04
   22     -1.1407532700E-08  -6.3556984036E-04  -4.7988306606E-04   4.4819339647E-08  -5.3525510840E-05
   23     -2.7879063743E-03   1.2179316833E-07  -2.1304192406E-08  -6.8551071431E-04   5.0729763199E-08
   24     -2.3479611408E-09  -8.3490550923E-05  -1.5060246875E-04  -8.9231384240E-09   5.1560470351E-05
   25      9.4237213686E-09  -2.5394611126E-04   1.8775940581E-04   4.2671773095E-09  -1.2670675467E-05
   26     -3.2297254589E-03   1.8994974156E-08  -7.2054598200E-08  -6.5711896366E-04   5.6125645204E-08
   27     -5.7373809442E-09  -8.0662540546E-05   4.3451406562E-04   1.9796701299E-09  -1.0819227288E-04
   28     -3.7443339173E-08   2.0656215724E-04   1.7141887732E-04   1.0833041214E-08  -6.2213063664E-06
   29      2.3185401874E-04   6.1842485076E-08   6.6178175972E-08  -2.5498927454E-04   1.5588688170E-08
   30      1.3972612947E-08   7.5301084898E-05   1.1143614529E-04   3.4841526913E-09  -2.4199539435E-05
   31     -1.5456482333E-11  -2.2647775770E-05  -3.2965092827E-05  -1.5845448333E-09   7.2893176972E-06
   32     -6.2881136159E-04  -3.5594921552E-08  -3.2322572766E-08  -3.3181775567E-04  -1.6666308382E-08
   33     -1.3584815915E-06  -1.2582855474E-01  -7.6618661000E-02   7.1010400787E-07  -2.7360010270E-02
   34     -1.8571389182E-06  -4.7176416819E-02  -1.8762109778E-01   7.6832049158E-07  -1.3866159533E-03
   35      7.1668985927E-02   6.6540876527E-07   1.0939553776E-06  -6.1713364012E-02   1.4036328518E-07
   36      6.6540876527E-07   5.7416434862E-01  -7.6253687428E-02   6.2589165627E-07  -2.7986071948E-01
   37      1.0939553776E-06  -7.6253687428E-02   5.0960938471E-01   1.7713194542E-07   9.7491290040E-02
   38     -6.1713364012E-02   6.2589165627E-07   1.7713194542E-07   5.6963162756E-01   9.4459410656E-07
