
$orca_hessian_file

$act_atom
  0

$act_coord
  0

$act_energy
        0.000000

$multiplicity
  1

$hessian
48
                    0                  1                  2                  3                  4        
    0      7.4170275097E-01   2.0991545182E-03  -9.9975182903E-07  -2.1673283461E-01  -1.4017217354E-01
    1      2.0991545182E-03   6.7555690465E-01  -8.7838608479E-07  -7.5628207718E-02  -2.5804584627E-01
    2     -9.9975182903E-07  -8.7838608479E-07   1.4337407858E-01   4.2580841773E-07   8.1898445401E-07
    3     -2.1673283461E-01  -7.5628207718E-02   4.2580841773E-07   6.8294962066E-01  -2.4661053343E-02
    4     -1.4017217354E-01  -2.5804584627E-01   8.1898445401E-07  -2.4661053343E-02   7.3808522958E-01
    5      5.0262480922E-07   6.4110101826E-07  -6.7878925011E-02  -1.2327412520E-06  -1.3235613517E-06
    6     -4.5233052626E-02  -6.3174794709E-02   4.3555767799E-07  -3.3995835408E-01   7.0671259455E-02
    7     -1.4705904687E-02   4.9418752038E-02   5.8120901573E-08   4.6610720485E-03  -1.3491905093E-01
    8      2.4894234894E-07  -4.5339666622E-08   9.6848373476E-03   6.1657004057E-07   1.5574367710E-07
    9     -3.4162535491E-03  -1.0952991675E-02  -6.0406856864E-08  -6.8097686902E-03   3.6610125634E-02
   10     -1.2831708320E-02  -6.3998185032E-02   1.8744501221E-07   8.3699215680E-02   1.3991103592E-02
   11     -1.4621899254E-07   3.5672889019E-08  -7.5906436500E-03  -2.0301141904E-07  -1.6443431282E-07
   12     -6.2803779247E-03   7.6631335772E-02  -1.5981425269E-07  -5.8149186667E-02  -2.0767242745E-02
   13      3.6182636431E-02   1.1789369683E-02   4.9056122294E-08  -2.1015837167E-02  -8.1994590488E-03
   14      6.2152293992E-08  -1.2801857478E-07   9.7762026391E-03   7.0792605953E-08   6.7495368592E-08
   15     -1.5155701407E-01   4.0915698624E-02   1.9302002108E-07   5.6383329429E-02   1.1120652505E-03
   16      9.7012770437E-02  -2.9649712814E-01   2.1121433287E-07  -4.4481912543E-02  -5.3054577614E-02
   17     -1.0583776076E-07   6.4813393917E-08  -7.1067258677E-02   1.8439009689E-07   1.5612205740E-07
   18     -3.2850523186E-01   4.8589545449E-02   3.4180924824E-07  -1.3934311920E-02   6.3828319223E-03
   19      4.8271731243E-02  -6.6738672769E-02  -1.6309648042E-07  -2.4510739331E-02   8.1199393599E-03
   20      5.3201653609E-07  -1.9699332016E-07  -3.8070598231E-02   1.2033878596E-09   9.1823533035E-09
   21      1.0404089262E-02  -2.0282995740E-02   2.2344828181E-09  -9.1513558604E-02   9.1451997887E-02
   22      1.0707358811E-02  -1.6668740251E-02  -1.3496212881E-07   9.1251966588E-02  -3.0596732555E-01
   23     -4.3538700563E-08   1.6551671387E-07   3.9627421273E-03   2.1772380054E-07   8.7762503414E-08
   24     -4.6399959649E-03   2.4333990830E-03  -5.6640535335E-08  -1.3565541023E-02  -2.4683818188E-02
   25      1.4862727630E-03   1.0169335597E-03  -8.7209995680E-08   6.2912607115E-03   7.7975413009E-03
   26      2.3683483306E-08   8.7248508403E-08   7.2966841221E-03   1.0067933521E-07  -8.9517332943E-09
   27      7.3014380637E-04  -3.1574566119E-04   3.1122954617E-08   1.2614585607E-03   2.0126424022E-03
   28     -3.1310294433E-04  -9.6610626384E-04   6.0350643071E-09   1.0117091296E-03  -5.0176706704E-03
   29     -1.4722091349E-08   5.1203693463E-08  -8.0661877241E-04   1.2190299506E-08   1.7781390136E-08
   30     -5.4604079037E-03  -6.8018427014E-04  -9.1944078859E-08  -6.6085519833E-04  -4.7957212693E-04
   31      6.6391020214E-04   1.3413439022E-03  -2.2158784534E-08  -5.1358243745E-04   4.9557141107E-04
   32     -6.8365362886E-08  -1.8916546148E-08   6.4257984082E-03   9.2339767070E-09  -2.7834053464E-08
   33      1.2282118668E-02   1.4804523509E-03  -2.1182948121E-07   7.7897814610E-04   4.3455254265E-03
   34     -2.0932647710E-02  -4.3250652372E-02  -1.0976179149E-07   5.6247048679E-03  -5.1865768333E-04
   35     -6.3609168767E-08  -4.3974620168E-08   3.7298930972E-03   1.7821867914E-08   1.6209883698E-08
   36     -1.9966231361E-03  -2.3328711189E-03  -5.9313995596E-08   3.3228280763E-04  -1.9885780548E-03
   37     -2.3902355324E-03   8.0367206876E-03  -2.9290360893E-07  -2.1362198370E-03  -2.7056966627E-03
   38      5.6121080934E-08   1.2352190238E-07   1.6781522921E-03  -2.3204308983E-07  -7.3179046591E-08
   39      7.7140958078E-04   1.8424699052E-03   1.4874543343E-07   4.9035551370E-05  -3.1964364561E-04
   40     -1.7917586295E-03   9.9209163801E-04   3.5605138200E-07   1.9294966143E-04  -7.4952108020E-05
   41      3.9817334625E-09   7.2767932439E-08  -9.8519329885E-04   1.4423470084E-07   3.3118247181E-08
   42     -1.6362487673E-03  -3.1157149271E-04   3.2746544306E-08  -4.7705696582E-04   5.1166329382E-04
   43     -3.3735450080E-03  -2.0851664606E-03   2.4244145606E-08   1.1703998536E-04   1.6060497894E-04
   44     -1.8262547520E-08  -1.1174117830E-07   4.9190820140E-04   8.1416112756E-08  -5.2684056701E-08
   45     -4.3247186896E-04  -3.0440134532E-04   4.7304827038E-08   4.6762615208E-05  -3.8357392752E-05
   46      7.8949996091E-05   9.8381402517E-05   4.6626966658E-08   1.0996147274E-04  -1.4675369264E-04
   47      1.2135589797E-08   1.1222443236E-07  -2.1059179274E-05  -1.4783417737E-08   2.9687226534E-08
                    5                  6                  7                  8                  9        
    0      5.0262480922E-07  -4.5233052626E-02  -1.4705904687E-02   2.4894234894E-07  -3.4162535491E-03
    1      6.4110101826E-07  -6.3174794709E-02   4.9418752038E-02  -4.5339666622E-08  -1.0952991675E-02
    2     -6.7878925011E-02   4.3555767799E-07   5.8120901573E-08   9.6848373476E-03  -6.0406856864E-08
    3     -1.2327412520E-06  -3.3995835408E-01   4.6610720485E-03   6.1657004057E-07  -6.8097686902E-03
    4     -1.3235613517E-06   7.0671259455E-02  -1.3491905093E-01   1.5574367710E-07   3.6610125634E-02
    5      1.4231249886E-01   4.0903169633E-07   2.6002454555E-07  -6.8311929902E-02  -1.8842272228E-07
    6      4.0903169633E-07   7.0438233341E-01   3.9057638836E-02  -1.3171748763E-06  -1.5252486000E-01
    7      2.6002454555E-07   3.9057638836E-02   7.0955416976E-01  -2.4289437980E-06   1.0010734949E-01
    8     -6.8311929902E-02  -1.3171748763E-06  -2.4289437980E-06   1.4212098831E-01  -6.0662829499E-08
    9     -1.8842272228E-07  -1.5252486000E-01   1.0010734949E-01  -6.0662829499E-08   7.4579575053E-01
   10     -9.8701541586E-08   3.3998847792E-02  -3.1263552301E-01   1.0368705229E-06  -6.1008118628E-03
   11      9.5453246044E-03  -1.2626796253E-08   1.0178139230E-06  -6.8310056730E-02  -7.2723641550E-07
   12      1.1651334918E-08   5.9901675926E-02  -4.4637154637E-02   1.4373888043E-07  -2.2331397734E-01
   13     -1.8533510293E-07   2.2347133636E-03  -5.4431456264E-02   3.0365104251E-07  -1.4570005235E-01
   14     -6.9435594414E-03  -1.9524609289E-07   2.4988076931E-07   9.4104188808E-03   8.2893729081E-07
   15     -1.4888861732E-07  -3.9120948651E-02   3.4661354756E-02  -9.3764926592E-08  -4.2920518399E-02
   16      4.2165089191E-09   3.3705663268E-02  -2.4923192670E-02  -5.9496788647E-08  -1.7879720863E-02
   17      9.3431963474E-03  -1.0827452121E-07   4.3662601146E-09  -8.4123239979E-03   6.0594071714E-08
   18      1.6011362971E-07  -2.1113286279E-04  -3.6837759158E-03  -1.1069172666E-07   6.2635596024E-04
   19      1.8536380911E-07  -2.6333890126E-03  -3.3311528739E-03   1.2838394245E-07  -3.2801649041E-04
   20      4.2702422325E-03   1.0971565109E-08   3.0151809502E-08   7.1209703034E-03  -2.5888702239E-08
   21      8.9516706881E-08  -5.2200192985E-03   2.9508300009E-02  -1.6438190129E-07  -5.3140581750E-03
   22      3.8935181335E-07  -1.5314619073E-03  -6.2419336840E-04   3.7695336588E-08   8.4119574288E-04
   23     -3.8881545340E-02  -1.7271765942E-07   3.3661213573E-08   4.2582676967E-03   6.7976745395E-08
   24      1.0830683875E-07  -1.7487103361E-01  -1.3873554100E-01   8.6582141650E-07   1.0252306422E-02
   25      5.5350391880E-08  -1.3878953226E-01  -2.2287534757E-01   9.2765488812E-07  -2.0552306377E-02
   26      4.3289389242E-03   8.4169299674E-07   8.7620689099E-07  -3.8557618181E-02  -4.6696654827E-08
   27      2.9322757882E-08  -5.5388022478E-03  -1.6188115513E-03  -1.0892744568E-07  -3.3027316323E-01
   28      8.1296822965E-08   2.9435591157E-02  -3.9045643958E-04  -8.1568267499E-08   4.9175141796E-02
   29      6.8257263439E-03  -6.8683832763E-08  -8.1737930951E-08   4.1293934510E-03   1.4057964068E-07
   30     -7.4441688381E-08  -2.2306158709E-03  -2.8772508122E-03   6.1682022593E-08   1.0391033270E-02
   31      9.7377865444E-08  -3.7036718054E-03  -1.2553840323E-03   1.3063575834E-07   1.0016514133E-02
   32     -8.9937335008E-04   1.0982621884E-07  -4.9622409126E-08   7.6371379197E-03  -7.5351593032E-08
   33      2.5332997435E-07  -3.7409497584E-05   5.7429527875E-04  -7.4934309160E-08  -3.9079858066E-03
   34      4.6376570537E-07  -1.2310573393E-04  -4.0981218480E-03  -9.2509528957E-08   6.0175445590E-03
   35      6.8707113893E-03   1.4296641439E-08   3.6892774661E-09  -7.5547182809E-04  -9.7774201028E-08
   36      6.0635558843E-09   1.8044473069E-03  -7.1226879014E-04  -2.0302759921E-08   1.1685377957E-03
   37     -5.5186027103E-08   1.7327461020E-03   1.7264419446E-03  -1.5271814541E-07  -4.3215935605E-04
   38      2.9685130210E-04   1.4687135209E-07   1.9918848839E-08  -3.5076650839E-04  -2.4238433691E-09
   39     -1.0540919215E-07   1.8845283813E-04  -1.0500330916E-04   4.0081263254E-08  -6.7430295539E-04
   40     -3.4398328605E-07   6.3841918105E-05  -1.7291937738E-05   1.8032336507E-07  -1.0017893659E-03
   41     -6.0157740562E-05  -5.5555522333E-08  -1.5741873946E-09   1.4451014864E-04   1.2046441569E-08
   42     -3.5271602575E-08  -1.2431863398E-03  -1.4104133330E-03  -4.2319442125E-08   9.1416306202E-04
   43      1.5283438927E-08  -1.1718575983E-03  -1.4608594725E-03  -3.3532137347E-08   3.6131938650E-04
   44     -5.7910598317E-04  -3.2826659943E-08   3.5688534847E-08   1.6442704486E-04  -8.3848794857E-09
   45      1.5728307000E-08  -8.7494398561E-05  -1.0181439552E-04   5.6173484363E-09   6.7410930103E-06
   46      7.2192782744E-08   2.4543915173E-04   2.6266667790E-04  -1.4684368951E-08  -2.0786738059E-04
   47     -2.3889323371E-04   5.5647091504E-09  -1.9810481032E-08   2.7216040790E-05   2.6403435227E-08
                   10                 11                 12                 13                 14        
    0     -1.2831708320E-02  -1.4621899254E-07  -6.2803779247E-03   3.6182636431E-02   6.2152293992E-08
    1     -6.3998185032E-02   3.5672889019E-08   7.6631335772E-02   1.1789369683E-02  -1.2801857478E-07
    2      1.8744501221E-07  -7.5906436500E-03  -1.5981425269E-07   4.9056122294E-08   9.7762026391E-03
    3      8.3699215680E-02  -2.0301141904E-07  -5.8149186667E-02  -2.1015837167E-02   7.0792605953E-08
    4      1.3991103592E-02  -1.6443431282E-07  -2.0767242745E-02  -8.1994590488E-03   6.7495368592E-08
    5     -9.8701541586E-08   9.5453246044E-03   1.1651334918E-08  -1.8533510293E-07  -6.9435594414E-03
    6      3.3998847792E-02  -1.2626796253E-08   5.9901675926E-02   2.2347133636E-03  -1.9524609289E-07
    7     -3.1263552301E-01   1.0178139230E-06  -4.4637154637E-02  -5.4431456264E-02   2.4988076931E-07
    8      1.0368705229E-06  -6.8310056730E-02   1.4373888043E-07   3.0365104251E-07   9.4104188808E-03
    9     -6.1008118628E-03  -7.2723641550E-07  -2.2331397734E-01  -1.4570005235E-01   8.2893729081E-07
   10      6.7481829737E-01  -2.4468600096E-06  -8.0676754668E-02  -2.6410975827E-01   7.8215232302E-07
   11     -2.4468600096E-06   1.4249583801E-01   5.6245990072E-07   9.1815131793E-07  -6.6675665160E-02
   12     -8.0676754668E-02   5.6245990072E-07   6.6956967243E-01  -4.2294429611E-03   1.4862730240E-08
   13     -2.6410975827E-01   9.1815131793E-07  -4.2294429611E-03   7.5357174571E-01  -1.4866557768E-06
   14      7.8215232302E-07  -6.6675665160E-02   1.4862730240E-08  -1.4866557768E-06   1.4425387966E-01
   15     -6.4804126242E-02   3.6063019995E-07  -3.0363900009E-01   6.6836453515E-02  -6.6923602154E-07
   16      4.4236879774E-02  -2.7283890415E-07   1.5325183246E-02  -1.3153356224E-01   1.8204237201E-07
   17      3.1219721578E-08   9.1652874539E-03  -6.3138375663E-07  -6.6693743773E-08  -7.3784728575E-02
   18     -1.8120354405E-04   7.1530402815E-08   1.1342632091E-03   2.0403539035E-03  -4.9281971644E-08
   19     -9.0147034238E-04  -1.1003850181E-08   6.5235965700E-04  -5.0876443350E-03   4.8446359526E-08
   20     -3.4381126937E-08  -8.2819119254E-04   6.2612146873E-08   4.1788593388E-09   6.2500413315E-03
   21     -1.7771121056E-04   8.2984288859E-08  -8.0596257626E-04  -5.1531900315E-04   1.2235885968E-08
   22      1.6000955564E-03  -5.7569300750E-10  -5.2125339335E-04   5.6871595255E-04  -9.0133195606E-08
   23      7.9390776999E-09   7.1791794787E-03   1.2668285027E-08  -2.8423895081E-08  -8.6322556470E-04
   24      1.0405762485E-02  -4.5875304631E-08   1.5731753389E-04   2.3327893180E-03  -4.2968163853E-09
   25     -1.5949274558E-02   2.1269855564E-07   3.3119534744E-03  -3.8807274271E-03  -1.8156801368E-07
   26      9.9586446627E-08   4.1672703731E-03   8.7500486099E-08   8.6708182918E-08   6.8076493301E-03
   27      4.8941191875E-02   1.6140419358E-07  -1.4315339112E-02   6.1579948618E-03  -1.5049373354E-07
   28     -6.6696453125E-02   1.4465282398E-07  -2.4717177980E-02   7.8409289715E-03  -7.4359329466E-08
   29      2.3861051160E-07  -3.9303946346E-02   7.5829104429E-08  -1.0263824954E-07   4.3347908735E-03
   30     -2.0331700723E-02   7.7553185356E-08  -9.0001148738E-02   9.0808588089E-02  -1.1503132770E-07
   31     -1.5379359595E-02   1.4617724868E-07   9.1864061278E-02  -3.0949259319E-01   6.2423409681E-07
   32      2.9488395486E-07   4.9172033825E-03  -1.9022459559E-07   4.4116223208E-07  -4.0108104211E-02
   33      5.6066423301E-03  -2.7516218006E-08  -2.8329563640E-02  -2.9418340608E-02   5.8068181893E-08
   34      7.0169044147E-03   1.3726599347E-07  -1.9045397734E-02   6.7071997749E-03  -7.1386939484E-08
   35     -6.6750634715E-09   6.0820230815E-03   1.5508164279E-07  -5.3870627574E-08   4.7110958927E-03
   36      2.3926862315E-03  -5.5554292002E-08  -5.4371441233E-03  -1.4144401102E-03  -6.0928292860E-08
   37     -2.8122172673E-03  -2.3105242199E-08   8.8926488799E-03   1.7714016238E-03   1.3060687737E-07
   38      3.9308327577E-08  -8.9843150268E-04   4.6364737401E-08   5.5160567930E-09   1.0381657601E-03
   39      7.5095744995E-04  -9.8444796614E-09  -2.1247524267E-05  -3.0048384426E-03   1.7271429509E-09
   40      7.0239823993E-04   1.5002833643E-07  -1.6036926681E-03  -3.8916615621E-03  -5.9737839368E-08
   41     -7.2493510669E-08  -9.8428488959E-05  -6.7752480648E-08   3.7186958826E-09   2.4612537589E-03
   42     -6.7024410086E-04   1.2719769195E-08  -5.8759804803E-04  -1.2935599503E-03   5.0773184114E-08
   43     -1.0081339828E-05   8.5779687056E-08  -7.1153212307E-04  -1.8286224896E-03  -2.4109426338E-08
   44      3.2287709266E-08   4.3932721645E-04   1.2741931847E-07   7.9456322147E-08  -6.2798838743E-04
   45      5.4818059610E-06   5.5313049869E-08   1.1761667674E-04  -4.8605088887E-06  -1.4052242481E-08
   46      1.2664359746E-04   1.6426684547E-09   2.3526821699E-04   2.0612311758E-04   9.4850282682E-08
   47     -2.2257786696E-08  -2.8609053556E-04  -9.1996298732E-08  -3.1720789919E-08  -4.0226786845E-05
                   15                 16                 17                 18                 19        
    0     -1.5155701407E-01   9.7012770437E-02  -1.0583776076E-07  -3.2850523186E-01   4.8271731243E-02
    1      4.0915698624E-02  -2.9649712814E-01   6.4813393917E-08   4.8589545449E-02  -6.6738672769E-02
    2      1.9302002108E-07   2.1121433287E-07  -7.1067258677E-02   3.4180924824E-07  -1.6309648042E-07
    3      5.6383329429E-02  -4.4481912543E-02   1.8439009689E-07  -1.3934311920E-02  -2.4510739331E-02
    4      1.1120652505E-03  -5.3054577614E-02   1.5612205740E-07   6.3828319223E-03   8.1199393599E-03
    5     -1.4888861732E-07   4.2165089191E-09   9.3431963474E-03   1.6011362971E-07   1.8536380911E-07
    6     -3.9120948651E-02   3.3705663268E-02  -1.0827452121E-07  -2.1113286279E-04  -2.6333890126E-03
    7      3.4661354756E-02  -2.4923192670E-02   4.3662601146E-09  -3.6837759158E-03  -3.3311528739E-03
    8     -9.3764926592E-08  -5.9496788647E-08  -8.4123239979E-03  -1.1069172666E-07   1.2838394245E-07
    9     -4.2920518399E-02  -1.7879720863E-02   6.0594071714E-08   6.2635596024E-04  -3.2801649041E-04
   10     -6.4804126242E-02   4.4236879774E-02   3.1219721578E-08  -1.8120354405E-04  -9.0147034238E-04
   11      3.6063019995E-07  -2.7283890415E-07   9.1652874539E-03   7.1530402815E-08  -1.1003850181E-08
   12     -3.0363900009E-01   1.5325183246E-02  -6.3138375663E-07   1.1342632091E-03   6.5235965700E-04
   13      6.6836453515E-02  -1.3153356224E-01  -6.6693743773E-08   2.0403539035E-03  -5.0876443350E-03
   14     -6.6923602154E-07   1.8204237201E-07  -7.3784728575E-02  -4.9281971644E-08   4.8446359526E-08
   15      6.7622004034E-01  -1.1022712867E-02   6.9491426558E-07  -6.8760420981E-03   2.7829384741E-02
   16     -1.1022712867E-02   6.7950928384E-01   1.6177022354E-07  -8.4036988701E-04  -5.2269779101E-04
   17      6.9491426558E-07   1.6177022354E-07   1.6389951814E-01   5.0780073732E-08  -8.5487899782E-08
   18     -6.8760420981E-03  -8.4036988701E-04   5.0780073732E-08   3.4686809054E-01  -5.1077176758E-02
   19      2.7829384741E-02  -5.2269779101E-04  -8.5487899782E-08  -5.1077176758E-02   6.6321236821E-02
   20     -1.3884746828E-07   1.3273107627E-07   3.8253217607E-03  -4.8798178240E-07   8.5736392940E-10
   21     -2.1881605691E-03  -2.9734653133E-03   5.3583675795E-08   9.6774983969E-04   5.7758858242E-04
   22     -3.9583802527E-03  -1.1599074091E-03   1.3378917078E-07   1.1971034134E-04   1.1235504377E-03
   23      9.4283849171E-09  -4.1510994080E-09   7.2430430408E-03  -4.2727599888E-09  -5.5286941120E-09
   24     -3.7753495935E-04   8.4976776025E-04   5.9844632138E-08  -7.4023440574E-04  -1.1422188759E-03
   25      8.8896990723E-04  -7.9041766081E-06   7.2493915931E-08   3.2042862947E-04   2.2507999952E-04
   26     -6.0118991126E-08  -4.8934853187E-08  -8.9496335459E-04  -4.4442455295E-09   1.1696214199E-08
   27     -2.3529812842E-04  -3.4707798802E-03   2.1248030012E-07  -9.6686323362E-05   1.9608707142E-05
   28     -2.7653744913E-03  -3.3662582451E-03  -6.4621048156E-08   2.3167775245E-05   1.2941824678E-04
   29      3.2492708825E-08   4.1089018788E-08   7.7416810692E-03  -3.1306535718E-09  -4.2997764956E-09
   30     -4.7926359476E-03   2.9301953141E-02  -9.3838700714E-08  -4.4674529529E-04   1.4180722791E-03
   31      7.0440008364E-04  -6.4123928741E-04  -6.7660095705E-09  -1.9405782318E-04  -1.1729341252E-04
   32      3.5353971013E-08   8.6173535831E-09   4.1951383037E-03   2.4208096077E-09   1.3699393012E-08
   33     -1.8788980286E-01  -8.3403523062E-02  -2.0341015181E-07   4.7853580567E-04   2.1800250689E-03
   34     -6.1542840343E-02  -1.6276259285E-01   7.1606331620E-08  -2.3545465845E-03   9.0104516725E-04
   35      1.7979056401E-08  -1.1595785840E-07  -6.0835021951E-02  -1.9589479897E-08  -1.4722270377E-08
   36      1.7329327341E-02  -2.3102150123E-02  -1.4862148488E-07   1.0273075027E-04  -5.2260999238E-04
   37     -1.8639536959E-02  -5.7089174033E-02  -6.5620154974E-08   2.5605300656E-04   1.9311992016E-04
   38     -2.0433455153E-07  -3.2430478588E-07  -7.9034515795E-03   3.1803680604E-09  -1.0987875598E-09
   39     -1.4350080884E-02   6.6286638547E-03  -1.1817803949E-08   4.5139827013E-04  -8.0248207529E-04
   40     -2.0133009201E-02   6.3966492972E-03   3.2976993236E-08   4.2380106892E-04  -3.4429520854E-04
   41     -1.6269390269E-08  -7.5453068859E-09   4.1799463442E-03  -2.4282778874E-09  -2.0057597066E-09
   42      2.8925887713E-03   5.3898043836E-03   9.3026975470E-09   1.6619040235E-04   7.2873810755E-05
   43      9.5454511666E-03   2.0077528805E-03  -4.6522599747E-07   1.8906393681E-04   4.7553171598E-05
   44     -2.2938863332E-08   2.3039162613E-09   1.1250887931E-02   5.5626037473E-09  -5.3212169047E-09
   45      1.1217507699E-03  -1.0489479656E-03  -1.1900126502E-07   1.5069993446E-05  -4.6644190776E-06
   46      3.8197872692E-04  -5.9233133022E-04   3.1075835905E-08  -1.4172655364E-05  -1.7716391475E-05
   47      1.0687585369E-07   8.3425744036E-08   2.0537277457E-03  -4.0416910487E-09   2.5630264126E-10
                   20                 21                 22                 23                 24        
    0      5.3201653609E-07   1.0404089262E-02   1.0707358811E-02  -4.3538700563E-08  -4.6399959649E-03
    1     -1.9699332016E-07  -2.0282995740E-02  -1.6668740251E-02   1.6551671387E-07   2.4333990830E-03
    2     -3.8070598231E-02   2.2344828181E-09  -1.3496212881E-07   3.9627421273E-03  -5.6640535335E-08
    3      1.2033878596E-09  -9.1513558604E-02   9.1251966588E-02   2.1772380054E-07  -1.3565541023E-02
    4      9.1823533035E-09   9.1451997887E-02  -3.0596732555E-01   8.7762503414E-08  -2.4683818188E-02
    5      4.2702422325E-03   8.9516706881E-08   3.8935181335E-07  -3.8881545340E-02   1.0830683875E-07
    6      1.0971565109E-08  -5.2200192985E-03  -1.5314619073E-03  -1.7271765942E-07  -1.7487103361E-01
    7      3.0151809502E-08   2.9508300009E-02  -6.2419336840E-04   3.3661213573E-08  -1.3873554100E-01
    8      7.1209703034E-03  -1.6438190129E-07   3.7695336588E-08   4.2582676967E-03   8.6582141650E-07
    9     -2.5888702239E-08  -5.3140581750E-03   8.4119574288E-04   6.7976745395E-08   1.0252306422E-02
   10     -3.4381126937E-08  -1.7771121056E-04   1.6000955564E-03   7.9390776999E-09   1.0405762485E-02
   11     -8.2819119254E-04   8.2984288859E-08  -5.7569300750E-10   7.1791794787E-03  -4.5875304631E-08
   12      6.2612146873E-08  -8.0596257626E-04  -5.2125339335E-04   1.2668285027E-08   1.5731753389E-04
   13      4.1788593388E-09  -5.1531900315E-04   5.6871595255E-04  -2.8423895081E-08   2.3327893180E-03
   14      6.2500413315E-03   1.2235885968E-08  -9.0133195606E-08  -8.6322556470E-04  -4.2968163853E-09
   15     -1.3884746828E-07  -2.1881605691E-03  -3.9583802527E-03   9.4283849171E-09  -3.7753495935E-04
   16      1.3273107627E-07  -2.9734653133E-03  -1.1599074091E-03  -4.1510994080E-09   8.4976776025E-04
   17      3.8253217607E-03   5.3583675795E-08   1.3378917078E-07   7.2430430408E-03   5.9844632138E-08
   18     -4.8798178240E-07   9.6774983969E-04   1.1971034134E-04  -4.2727599888E-09  -7.4023440574E-04
   19      8.5736392940E-10   5.7758858242E-04   1.1235504377E-03  -5.5286941120E-09  -1.1422188759E-03
   20      2.5839726167E-02  -7.9730843814E-09  -1.1174751226E-07  -4.3035314076E-03   4.9830876846E-08
   21     -7.9730843814E-09   9.2151264767E-02  -9.7598585810E-02  -6.3880125725E-08   1.4249025527E-03
   22     -1.1174751226E-07  -9.7598585810E-02   3.2162799199E-01  -2.4033990776E-07   1.3261954697E-04
   23     -4.3035314076E-03  -6.3880125725E-08  -2.4033990776E-07   2.6451330220E-02   4.9971057282E-09
   24      4.9830876846E-08   1.4249025527E-03   1.3261954697E-04   4.9971057282E-09   1.8112645929E-01
   25      2.1848449633E-08  -4.0880018548E-04   6.6069885929E-04  -2.6325327113E-08   1.4854377866E-01
   26      1.0287631531E-04   9.1214344159E-09  -1.1156136054E-08  -4.2951179130E-03  -9.2345959875E-07
   27     -1.4310824053E-08  -3.6511189741E-04  -9.6952083193E-05   1.0187429002E-08   7.1471000985E-04
   28     -2.7101047911E-08   1.3540535801E-03  -1.5008103790E-04   4.7347959457E-09  -5.3964091047E-04
   29     -9.9457055705E-04  -8.0527418887E-09  -6.1584566085E-09   1.3180450785E-04   1.8485588882E-09
   30      2.0279257295E-08   1.1733790673E-04   5.3931614618E-05  -3.2491200200E-08   3.2703489841E-04
   31      1.8492958185E-08   5.5178214592E-05  -6.0507877222E-05   3.4620531094E-08   4.7635952224E-04
   32      3.2594606856E-04  -1.0949237681E-08   2.6064288164E-09  -1.0616592818E-03  -5.2039396084E-09
   33      5.3333146030E-08   6.0218069266E-04   1.0237097660E-03  -2.0651264350E-09   1.5171491538E-04
   34      3.7852140065E-08  -6.6991575562E-04  -4.7562155838E-04  -1.4403836991E-08  -7.7681365477E-06
   35     -3.8868076485E-03   1.1667011278E-09  -1.6909906934E-08   2.9593749786E-04  -8.1445112503E-09
   36     -1.4899522641E-08  -2.0001968233E-04  -1.8586535360E-05   8.9887332251E-09   1.1286188583E-04
   37      5.3427801777E-08  -1.6384831828E-04  -6.5548277402E-05  -6.0751951871E-08  -2.5060148908E-06
   38      1.3240427148E-04  -1.3619012937E-08   1.1012587284E-08  -5.1041937976E-05  -3.8394899072E-08
   39      1.5455393189E-08  -1.9348934792E-05  -5.7296967070E-05  -2.5787871810E-08   2.4972440190E-05
   40     -1.8224221155E-08  -5.9420230602E-08  -1.4888670790E-05  -4.5508195741E-09   3.1244611186E-05
   41      7.5466422813E-05  -1.5927340479E-10  -2.0454718117E-09  -3.8465934305E-06   2.2936622773E-09
   42     -8.7812487826E-09  -1.8416448883E-05  -3.0278189654E-04   1.8572625628E-08  -8.8161209545E-05
   43     -8.3413780861E-09  -1.4013302580E-04  -4.3851393335E-04   7.6834884806E-08  -1.1404033740E-04
   44      5.5155526078E-05   7.6921883437E-09  -8.1873172014E-09  -6.6232550866E-05   6.1546156147E-09
   45      3.4457762141E-09  -2.2868834679E-05  -4.4915128492E-05   6.3273981083E-09  -9.7787766752E-06
   46     -8.0728548374E-09  -1.6562926185E-05   4.4275137696E-05   2.1647351541E-08   1.5548851386E-05
   47      8.5548637038E-05  -1.6370503291E-09  -4.8115079206E-10   3.8960202464E-06   8.8446420028E-11
                   25                 26                 27                 28                 29        
    0      1.4862727630E-03   2.3683483306E-08   7.3014380637E-04  -3.1310294433E-04  -1.4722091349E-08
    1      1.0169335597E-03   8.7248508403E-08  -3.1574566119E-04  -9.6610626384E-04   5.1203693463E-08
    2     -8.7209995680E-08   7.2966841221E-03   3.1122954617E-08   6.0350643071E-09  -8.0661877241E-04
    3      6.2912607115E-03   1.0067933521E-07   1.2614585607E-03   1.0117091296E-03   1.2190299506E-08
    4      7.7975413009E-03  -8.9517332943E-09   2.0126424022E-03  -5.0176706704E-03   1.7781390136E-08
    5      5.5350391880E-08   4.3289389242E-03   2.9322757882E-08   8.1296822965E-08   6.8257263439E-03
    6     -1.3878953226E-01   8.4169299674E-07  -5.5388022478E-03   2.9435591157E-02  -6.8683832763E-08
    7     -2.2287534757E-01   8.7620689099E-07  -1.6188115513E-03  -3.9045643958E-04  -8.1737930951E-08
    8      9.2765488812E-07  -3.8557618181E-02  -1.0892744568E-07  -8.1568267499E-08   4.1293934510E-03
    9     -2.0552306377E-02  -4.6696654827E-08  -3.3027316323E-01   4.9175141796E-02   1.4057964068E-07
   10     -1.5949274558E-02   9.9586446627E-08   4.8941191875E-02  -6.6696453125E-02   2.3861051160E-07
   11      2.1269855564E-07   4.1672703731E-03   1.6140419358E-07   1.4465282398E-07  -3.9303946346E-02
   12      3.3119534744E-03   8.7500486099E-08  -1.4315339112E-02  -2.4717177980E-02   7.5829104429E-08
   13     -3.8807274271E-03   8.6708182918E-08   6.1579948618E-03   7.8409289715E-03  -1.0263824954E-07
   14     -1.8156801368E-07   6.8076493301E-03  -1.5049373354E-07  -7.4359329466E-08   4.3347908735E-03
   15      8.8896990723E-04  -6.0118991126E-08  -2.3529812842E-04  -2.7653744913E-03   3.2492708825E-08
   16     -7.9041766081E-06  -4.8934853187E-08  -3.4707798802E-03  -3.3662582451E-03   4.1089018788E-08
   17      7.2493915931E-08  -8.9496335459E-04   2.1248030012E-07  -6.4621048156E-08   7.7416810692E-03
   18      3.2042862947E-04  -4.4442455295E-09  -9.6686323362E-05   2.3167775245E-05  -3.1306535718E-09
   19      2.2507999952E-04   1.1696214199E-08   1.9608707142E-05   1.2941824678E-04  -4.2997764956E-09
   20      2.1848449633E-08   1.0287631531E-04  -1.4310824053E-08  -2.7101047911E-08  -9.9457055705E-04
   21     -4.0880018548E-04   9.1214344159E-09  -3.6511189741E-04   1.3540535801E-03  -8.0527418887E-09
   22      6.6069885929E-04  -1.1156136054E-08  -9.6952083193E-05  -1.5008103790E-04  -6.1584566085E-09
   23     -2.6325327113E-08  -4.2951179130E-03   1.0187429002E-08   4.7347959457E-09   1.3180450785E-04
   24      1.4854377866E-01  -9.2345959875E-07   7.1471000985E-04  -5.3964091047E-04   1.8485588882E-09
   25      2.3243572903E-01  -1.0069180953E-06   1.7527511164E-05   1.3456658273E-03  -3.5635376568E-08
   26     -1.0069180953E-06   2.5942263145E-02  -3.0588056862E-08   2.9925008798E-09  -4.0350295161E-03
   27      1.7527511164E-05  -3.0588056862E-08   3.4779532358E-01  -5.2177324557E-02  -3.7206267646E-07
   28      1.3456658273E-03   2.9925008798E-09  -5.2177324557E-02   6.5748450630E-02  -9.4597035615E-08
   29     -3.5635376568E-08  -4.0350295161E-03  -3.7206267646E-07  -9.4597035615E-08   2.6609589769E-02
   30     -9.3065942757E-04   1.0400123797E-08   1.0522218490E-03   6.1922175542E-04   2.1575914805E-07
   31     -7.4035999631E-04   2.6971853289E-08   1.8503552504E-04   1.1125915260E-03  -1.3608032333E-07
   32     -5.3721862957E-09  -1.0886878000E-05  -2.6131480091E-09  -2.1652498029E-08  -4.6613617113E-03
   33     -9.0380481003E-07  -4.8518204415E-08  -4.9249153645E-04  -9.7682013510E-04   1.2810177530E-07
   34      1.2334652577E-04  -3.0800680338E-08   7.5733685310E-04   7.3554760914E-04   1.5452600241E-07
   35      3.4447309663E-09  -1.1195470373E-03  -1.6193852305E-08  -1.1374966745E-09   2.1147664642E-04
   36      2.6019436141E-05  -5.6709792571E-09   2.9487424449E-04   1.6728304451E-04   4.6012562458E-09
   37     -5.0483253180E-05  -2.8753205136E-08   1.0237527203E-04   2.1795523496E-05   1.0284767113E-08
   38     -8.5099582920E-09   3.7143119768E-04   1.3038560222E-08  -1.0146157612E-08   1.0343716076E-04
   39     -5.2440550298E-05   1.4035229017E-08  -1.8256037454E-04  -2.3407354505E-04   7.7948368220E-08
   40     -4.1741466044E-05   1.9320706038E-09  -2.2092044898E-04  -2.5125389850E-04   1.2174052371E-07
   41     -2.3555576596E-10   1.0618229703E-05   4.9772486381E-10  -2.3000340786E-10  -2.7809942333E-04
   42     -1.4775584031E-04   1.3492288155E-08  -3.2211599697E-04  -5.4963393679E-05   7.1840018302E-09
   43     -8.7579355567E-05   1.1084983210E-08  -3.4786941422E-04  -9.8759385641E-05  -8.1117796792E-08
   44     -9.2434018373E-09  -1.7559594201E-04  -4.6295161994E-09  -9.2320844651E-09  -6.9374634365E-06
   45      4.5098554457E-07   1.7208058947E-09  -2.7163206330E-05  -8.8651430329E-06   1.8092124124E-08
   46      2.8422700610E-05  -1.9048897854E-09   5.5865452115E-05   2.6407311726E-06   4.4752490523E-08
   47      5.1892027233E-10   6.1027184868E-05  -6.2096572498E-09   7.2095089164E-09  -1.3360325333E-06
                   30                 31                 32                 33                 34        
    0     -5.4604079037E-03   6.6391020214E-04  -6.8365362886E-08   1.2282118668E-02  -2.0932647710E-02
    1     -6.8018427014E-04   1.3413439022E-03  -1.8916546148E-08   1.4804523509E-03  -4.3250652372E-02
    2     -9.1944078859E-08  -2.2158784534E-08   6.4257984082E-03  -2.1182948121E-07  -1.0976179149E-07
    3     -6.6085519833E-04  -5.1358243745E-04   9.2339767070E-09   7.7897814610E-04   5.6247048679E-03
    4     -4.7957212693E-04   4.9557141107E-04  -2.7834053464E-08   4.3455254265E-03  -5.1865768333E-04
    5     -7.4441688381E-08   9.7377865444E-08  -8.9937335008E-04   2.5332997435E-07   4.6376570537E-07
    6     -2.2306158709E-03  -3.7036718054E-03   1.0982621884E-07  -3.7409497584E-05  -1.2310573393E-04
    7     -2.8772508122E-03  -1.2553840323E-03  -4.9622409126E-08   5.7429527875E-04  -4.0981218480E-03
    8      6.1682022593E-08   1.3063575834E-07   7.6371379197E-03  -7.4934309160E-08  -9.2509528957E-08
    9      1.0391033270E-02   1.0016514133E-02  -7.5351593032E-08  -3.9079858066E-03   6.0175445590E-03
   10     -2.0331700723E-02  -1.5379359595E-02   2.9488395486E-07   5.6066423301E-03   7.0169044147E-03
   11      7.7553185356E-08   1.4617724868E-07   4.9172033825E-03  -2.7516218006E-08   1.3726599347E-07
   12     -9.0001148738E-02   9.1864061278E-02  -1.9022459559E-07  -2.8329563640E-02  -1.9045397734E-02
   13      9.0808588089E-02  -3.0949259319E-01   4.4116223208E-07  -2.9418340608E-02   6.7071997749E-03
   14     -1.1503132770E-07   6.2423409681E-07  -4.0108104211E-02   5.8068181893E-08  -7.1386939484E-08
   15     -4.7926359476E-03   7.0440008364E-04   3.5353971013E-08  -1.8788980286E-01  -6.1542840343E-02
   16      2.9301953141E-02  -6.4123928741E-04   8.6173535831E-09  -8.3403523062E-02  -1.6276259285E-01
   17     -9.3838700714E-08  -6.7660095705E-09   4.1951383037E-03  -2.0341015181E-07   7.1606331620E-08
   18     -4.4674529529E-04  -1.9405782318E-04   2.4208096077E-09   4.7853580567E-04  -2.3545465845E-03
   19      1.4180722791E-03  -1.1729341252E-04   1.3699393012E-08   2.1800250689E-03   9.0104516725E-04
   20      2.0279257295E-08   1.8492958185E-08   3.2594606856E-04   5.3333146030E-08   3.7852140065E-08
   21      1.1733790673E-04   5.5178214592E-05  -1.0949237681E-08   6.0218069266E-04  -6.6991575562E-04
   22      5.3931614618E-05  -6.0507877222E-05   2.6064288164E-09   1.0237097660E-03  -4.7562155838E-04
   23     -3.2491200200E-08   3.4620531094E-08  -1.0616592818E-03  -2.0651264350E-09  -1.4403836991E-08
   24      3.2703489841E-04   4.7635952224E-04  -5.2039396084E-09   1.5171491538E-04  -7.7681365477E-06
   25     -9.3065942757E-04  -7.4035999631E-04  -5.3721862957E-09  -9.0380481003E-07   1.2334652577E-04
   26      1.0400123797E-08   2.6971853289E-08  -1.0886878000E-05  -4.8518204415E-08  -3.0800680338E-08
   27      1.0522218490E-03   1.8503552504E-04  -2.6131480091E-09  -4.9249153645E-04   7.5733685310E-04
   28      6.1922175542E-04   1.1125915260E-03  -2.1652498029E-08  -9.7682013510E-04   7.3554760914E-04
   29      2.1575914805E-07  -1.3608032333E-07  -4.6613617113E-03   1.2810177530E-07   1.5452600241E-07
   30      9.0465682985E-02  -9.7368995471E-02   6.0036815607E-08   1.2664723176E-03   4.1826569937E-04
   31     -9.7368995471E-02   3.2637141252E-01  -8.0499166249E-07  -1.5834294170E-04  -1.4966172880E-03
   32      6.0036815607E-08  -8.0499166249E-07   2.6518846816E-02   7.8822076930E-08   9.3400804369E-08
   33      1.2664723176E-03  -1.5834294170E-04   7.8822076930E-08   6.8407511183E-01  -7.1392253071E-02
   34      4.1826569937E-04  -1.4966172880E-03   9.3400804369E-08  -7.1392253071E-02   8.6522443198E-01
   35     -1.9202736298E-08  -3.3020613925E-08  -3.5178313322E-03  -6.4544733786E-07   9.9411132039E-07
   36     -9.7911480230E-04  -2.1487275838E-03  -6.7442480733E-08  -1.8059056300E-01   1.2202180887E-01
   37      7.2426514324E-04  -2.3290067642E-04   1.7431019968E-08   1.9385691978E-01  -5.2050041953E-01
   38      2.4314724085E-08   1.4974192606E-08   6.4284836779E-04   5.7835273391E-07  -8.8281917834E-07
   39      1.1632567905E-04   1.8383096153E-04   8.0754353719E-08  -3.0272841039E-01   5.3872244912E-02
   40     -4.3934887768E-05   3.7219397922E-05  -2.8770610065E-08   5.0838464380E-02  -6.9030071567E-02
   41      3.2731279990E-09  -5.5465358940E-09  -4.9217240330E-05   4.0582541470E-07  -3.0284744138E-07
   42      9.5740712472E-04  -8.5837883654E-05  -2.0000038686E-08   1.0851672178E-02  -5.8395274355E-03
   43     -3.9529838104E-04   5.8068635518E-05  -9.5219886971E-09  -6.8839623374E-02  -7.5069358041E-02
   44      6.5432139498E-09   1.0567521324E-08  -5.8346228427E-04  -2.5549234865E-07  -9.1048673831E-08
   45     -1.2199227350E-04   8.7870709738E-06   1.6235128227E-08  -6.5105578157E-03  -6.7626490476E-03
   46     -2.2156266693E-04   4.7966064798E-08   6.5380620602E-09  -5.7574815926E-03  -3.5063627261E-03
   47     -5.4248410083E-09  -7.1453904735E-09   2.2897702182E-04  -1.9241729439E-08   4.1694778590E-08
                   35                 36                 37                 38                 39        
    0     -6.3609168767E-08  -1.9966231361E-03  -2.3902355324E-03   5.6121080934E-08   7.7140958078E-04
    1     -4.3974620168E-08  -2.3328711189E-03   8.0367206876E-03   1.2352190238E-07   1.8424699052E-03
    2      3.7298930972E-03  -5.9313995596E-08  -2.9290360893E-07   1.6781522921E-03   1.4874543343E-07
    3      1.7821867914E-08   3.3228280763E-04  -2.1362198370E-03  -2.3204308983E-07   4.9035551370E-05
    4      1.6209883698E-08  -1.9885780548E-03  -2.7056966627E-03  -7.3179046591E-08  -3.1964364561E-04
    5      6.8707113893E-03   6.0635558843E-09  -5.5186027103E-08   2.9685130210E-04  -1.0540919215E-07
    6      1.4296641439E-08   1.8044473069E-03   1.7327461020E-03   1.4687135209E-07   1.8845283813E-04
    7      3.6892774661E-09  -7.1226879014E-04   1.7264419446E-03   1.9918848839E-08  -1.0500330916E-04
    8     -7.5547182809E-04  -2.0302759921E-08  -1.5271814541E-07  -3.5076650839E-04   4.0081263254E-08
    9     -9.7774201028E-08   1.1685377957E-03  -4.3215935605E-04  -2.4238433691E-09  -6.7430295539E-04
   10     -6.6750634715E-09   2.3926862315E-03  -2.8122172673E-03   3.9308327577E-08   7.5095744995E-04
   11      6.0820230815E-03  -5.5554292002E-08  -2.3105242199E-08  -8.9843150268E-04  -9.8444796614E-09
   12      1.5508164279E-07  -5.4371441233E-03   8.8926488799E-03   4.6364737401E-08  -2.1247524267E-05
   13     -5.3870627574E-08  -1.4144401102E-03   1.7714016238E-03   5.5160567930E-09  -3.0048384426E-03
   14      4.7110958927E-03  -6.0928292860E-08   1.3060687737E-07   1.0381657601E-03   1.7271429509E-09
   15      1.7979056401E-08   1.7329327341E-02  -1.8639536959E-02  -2.0433455153E-07  -1.4350080884E-02
   16     -1.1595785840E-07  -2.3102150123E-02  -5.7089174033E-02  -3.2430478588E-07   6.6286638547E-03
   17     -6.0835021951E-02  -1.4862148488E-07  -6.5620154974E-08  -7.9034515795E-03  -1.1817803949E-08
   18     -1.9589479897E-08   1.0273075027E-04   2.5605300656E-04   3.1803680604E-09   4.5139827013E-04
   19     -1.4722270377E-08  -5.2260999238E-04   1.9311992016E-04  -1.0987875598E-09  -8.0248207529E-04
   20     -3.8868076485E-03  -1.4899522641E-08   5.3427801777E-08   1.3240427148E-04   1.5455393189E-08
   21      1.1667011278E-09  -2.0001968233E-04  -1.6384831828E-04  -1.3619012937E-08  -1.9348934792E-05
   22     -1.6909906934E-08  -1.8586535360E-05  -6.5548277402E-05   1.1012587284E-08  -5.7296967070E-05
   23      2.9593749786E-04   8.9887332251E-09  -6.0751951871E-08  -5.1041937976E-05  -2.5787871810E-08
   24     -8.1445112503E-09   1.1286188583E-04  -2.5060148908E-06  -3.8394899072E-08   2.4972440190E-05
   25      3.4447309663E-09   2.6019436141E-05  -5.0483253180E-05  -8.5099582920E-09  -5.2440550298E-05
   26     -1.1195470373E-03  -5.6709792571E-09  -2.8753205136E-08   3.7143119768E-04   1.4035229017E-08
   27     -1.6193852305E-08   2.9487424449E-04   1.0237527203E-04   1.3038560222E-08  -1.8256037454E-04
   28     -1.1374966745E-09   1.6728304451E-04   2.1795523496E-05  -1.0146157612E-08  -2.3407354505E-04
   29      2.1147664642E-04   4.6012562458E-09   1.0284767113E-08   1.0343716076E-04   7.7948368220E-08
   30     -1.9202736298E-08  -9.7911480230E-04   7.2426514324E-04   2.4314724085E-08   1.1632567905E-04
   31     -3.3020613925E-08  -2.1487275838E-03  -2.3290067642E-04   1.4974192606E-08   1.8383096153E-04
   32     -3.5178313322E-03  -6.7442480733E-08   1.7431019968E-08   6.4284836779E-04   8.0754353719E-08
   33     -6.4544733786E-07  -1.8059056300E-01   1.9385691978E-01   5.7835273391E-07  -3.0272841039E-01
   34      9.9411132039E-07   1.2202180887E-01  -5.2050041953E-01  -8.8281917834E-07   5.3872244912E-02
   35      1.4039480716E-01   2.7541568276E-07  -1.0878847257E-06  -5.1525007772E-02   2.6156552211E-07
   36      2.7541568276E-07   3.6614520331E-01  -7.0924002709E-02  -8.5204494119E-08  -1.0336241750E-02
   37     -1.0878847257E-06  -7.0924002709E-02   7.7300141747E-01   1.8611060398E-06   9.1935646990E-03
   38     -5.1525007772E-02  -8.5204494119E-08   1.8611060398E-06   5.4638033627E-02   4.3711122808E-08
