
$orca_hessian_file

$act_atom
  0

$act_coord
  0

$act_energy
        0.000000

$multiplicity
  1

$hessian
39
                    0                  1                  2                  3                  4        
    0      7.4756703768E-01  -4.3195756126E-03   1.3286346095E-07  -1.9338126375E-01  -1.3043399716E-01
    1     -4.3195756126E-03   6.7234263319E-01   2.3968738569E-07  -6.4304222186E-02  -2.8051930959E-01
    2      1.3286346095E-07   2.3968738569E-07   1.4715431950E-01  -6.2893818715E-08   7.8006236845E-08
    3     -1.9338126375E-01  -6.4304222186E-02  -6.2893818715E-08   6.9429760689E-01  -3.3123303191E-02
    4     -1.3043399716E-01  -2.8051930959E-01   7.8006236845E-08  -3.3123303191E-02   7.3374126838E-01
    5     -3.6020428415E-08   1.1297625383E-07  -6.9638171209E-02   4.6135749339E-07  -1.2523382594E-07
    6     -3.2627814648E-02  -7.3183410866E-02  -9.8246150886E-08  -3.5287811068E-01   4.4497539889E-02
    7     -2.6633554651E-02   3.9709570037E-02  -9.6789830872E-08  -1.9705619791E-02  -1.2950239544E-01
    8      6.5801414323E-09  -6.5648965829E-08   9.3055242467E-03  -2.9578918228E-07   1.6626519704E-07
    9      2.2878164649E-04  -3.7223981883E-03  -1.9494773684E-07  -2.6138911301E-02   2.9416580515E-02
   10     -3.7192059285E-03  -6.5614486517E-02   5.5948935186E-08   7.5749498839E-02   2.5492076346E-02
   11      1.2201902359E-07   1.3652340488E-08  -8.3418549595E-03  -2.4304089510E-07  -1.4966462294E-07
   12     -2.0590424567E-02   8.0011395044E-02  -1.3921446215E-07  -5.3804948778E-02  -2.5667659608E-02
   13      3.3497185551E-02   2.7549027112E-02   1.1976494155E-07  -2.7751356574E-02  -1.3410894660E-02
   14      4.9795118263E-08   5.6746057293E-08   9.2960284902E-03   1.0410790418E-08  -3.3140425198E-08
   15     -1.7240860922E-01   5.2029884610E-02  -1.2313917829E-07   6.5808383095E-02   1.5627717802E-02
   16      1.1811678975E-01  -3.0115445512E-01  -1.0861008256E-07  -2.9431023037E-02  -5.5501135226E-02
   17     -1.2297265934E-07  -2.5068266524E-07  -6.9399171029E-02   1.0072023123E-07   5.4648178512E-08
   18      1.1242241325E-02  -1.7263870325E-02   1.5437172762E-08  -1.1514718227E-01   1.1476305157E-01
   19      1.3514080000E-02  -1.6724682114E-02   1.2224675405E-09   1.1510585354E-01  -2.8535077829E-01
   20      2.1082931645E-08  -5.9091937480E-08   4.4801471321E-03  -4.5092409186E-08   7.5274294538E-08
   21     -4.9380538568E-03   1.7555028226E-03  -5.4604682201E-08  -1.0584645521E-02  -2.6180209133E-02
   22      1.0226894887E-03   1.0987762619E-03  -6.3179369007E-08   4.1139577809E-03   6.4250110681E-03
   23     -3.8195979450E-08   1.8146401216E-08   7.3909781780E-03  -7.3862309498E-08  -6.3628907335E-08
   24     -5.1691557717E-03  -1.0360501806E-03   7.9165305237E-08  -5.4196826832E-04  -5.4547234420E-04
   25     -2.9988543652E-04   1.3321067534E-03  -1.3329302541E-07  -4.0264535862E-04   4.8234160053E-04
   26     -3.8420496622E-08  -1.9758870969E-08   7.3902562306E-03   1.3520110587E-08   6.7630745856E-09
   27      1.1307079431E-02   1.4066007270E-02   9.7394877759E-08  -7.0947861995E-04   2.7603249681E-03
   28     -1.6689283348E-02  -1.6783850293E-02  -4.1240993179E-08   3.5014176237E-03  -3.0098796327E-03
   29      3.3092969741E-09   4.4741805709E-08   4.4853240622E-03  -3.1538242728E-08  -1.3776281916E-08
   30     -3.4123155097E-01   1.6072437559E-02   6.9247885762E-08  -1.0931304246E-02   3.9338926196E-03
   31      1.6087019565E-02  -5.8890701547E-02  -2.4120167325E-08  -2.6715630170E-02   5.4508186324E-03
   32      6.8860192644E-08  -1.0041283918E-07  -4.1049368761E-02  -3.6451187388E-08   6.2997875069E-08
   33     -3.7276545314E-04  -1.5434387544E-04   1.3556584998E-07   6.9802653464E-03   5.4113010139E-03
   34     -1.3615075989E-04  -3.0684281606E-03  -6.9528342459E-10   3.4265090131E-03  -5.2373311788E-03
   35      5.3945497551E-08  -1.1199315161E-08  -1.4345849947E-03  -1.1267556697E-07  -5.2958109586E-09
   36      3.7449814470E-04   2.5272626569E-05  -1.4168978532E-07  -2.9684418969E-03  -4.4351238662E-04
   37      1.7259838132E-05   7.2379998538E-04  -1.6032482856E-08  -4.7969104541E-04   9.4020798488E-04
   38      6.2215162724E-08   1.0175617450E-08   3.6057311674E-04  -3.1910464502E-08  -4.3505189127E-08
                    5                  6                  7                  8                  9        
    0     -3.6020428415E-08  -3.2627814648E-02  -2.6633554651E-02   6.5801414323E-09   2.2878164649E-04
    1      1.1297625383E-07  -7.3183410866E-02   3.9709570037E-02  -6.5648965829E-08  -3.7223981883E-03
    2     -6.9638171209E-02  -9.8246150886E-08  -9.6789830872E-08   9.3055242467E-03  -1.9494773684E-07
    3      4.6135749339E-07  -3.5287811068E-01  -1.9705619791E-02  -2.9578918228E-07  -2.6138911301E-02
    4     -1.2523382594E-07   4.4497539889E-02  -1.2950239544E-01   1.6626519704E-07   2.9416580515E-02
    5      1.4315755245E-01  -2.4421570185E-07   3.0243624568E-07  -6.8756846632E-02  -9.8949253270E-08
    6     -2.4421570185E-07   7.0798735204E-01   4.5449955288E-02   2.4672626578E-07  -1.4758050922E-01
    7      3.0243624568E-07   4.5449955288E-02   7.1188514054E-01  -8.2914626435E-07   9.8186982546E-02
    8     -6.8756846632E-02   2.4672626578E-07  -8.2914626435E-07   1.4294112984E-01   2.4501498619E-08
    9     -9.8949253270E-08  -1.4758050922E-01   9.8186982546E-02   2.4501498619E-08   6.7858251954E-01
   10      6.0665546551E-08   4.8340019247E-02  -2.8752298490E-01   2.1610101287E-07  -1.4285871294E-03
   11      9.8757400274E-03  -6.8143536221E-08   3.4165518611E-07  -6.8253643647E-02  -1.5274407615E-08
   12      1.1304664707E-07   6.0853997107E-02  -2.8719715789E-02  -3.1578304044E-08  -1.6598310689E-01
   13     -2.8866450472E-07   1.5383699951E-02  -5.6531172721E-02   2.3510062725E-07  -1.1200981414E-01
   14     -7.9294639050E-03  -3.0546506369E-08  -8.7018062310E-08   1.1579879842E-02   6.9765998475E-08
   15     -2.4279788483E-08  -4.7279445877E-02   3.1582118486E-02  -3.5054647895E-08  -3.7232906210E-02
   16     -1.2060580144E-07   2.9517044989E-02  -1.9909915135E-02  -2.1928319221E-07  -2.2239390824E-02
   17      9.7465803274E-03  -1.1023939521E-08   6.9207606805E-08  -7.9318879931E-03  -5.8198899596E-08
   18      9.2794346872E-08  -9.3959302281E-03   2.8172799808E-02  -2.4548752400E-07  -4.7076138311E-03
   19      7.0784029882E-08  -2.4355418567E-03   3.0881385751E-03   2.0419258584E-07  -5.1291766417E-04
   20     -3.9522101654E-02  -5.5155028829E-08   3.9490940703E-08   4.3142462341E-03  -1.4379509688E-08
   21      1.7438615752E-07  -1.4554656628E-01  -1.3338176182E-01   1.3610228811E-07   1.0411875640E-02
   22     -9.5483274997E-08  -1.3213730488E-01  -2.5775259881E-01   2.1693387096E-07  -1.5545612355E-02
   23      5.1967863293E-03   1.9930487182E-07   4.1542048569E-07  -3.9081431772E-02   1.8305206714E-08
   24      2.0407062265E-08  -1.9172457356E-03  -2.7078468177E-03   3.2015581776E-08   1.0186752807E-02
   25      8.3835735457E-09  -4.0229387551E-03  -1.7534040951E-03  -2.0492374918E-07   1.2585589779E-02
   26     -9.1942717279E-04   3.7999558141E-08  -2.6415890837E-08   6.2856381419E-03  -3.5848626000E-08
   27     -1.0736881631E-07  -3.4777866801E-04   7.3669498967E-04  -1.2965154664E-09  -4.4759059109E-03
   28     -8.1322003034E-08   8.1817773931E-04   5.5019563399E-05   1.2699787348E-08   1.2226473819E-03
   29      7.1016506781E-03   1.8433670101E-08   2.0822308354E-08  -9.3217674307E-04   3.7077519050E-08
   30      1.2822476657E-08   2.2774975757E-04  -3.0175477171E-03   3.6282537429E-08   7.2442981566E-04
   31     -5.9130288100E-08  -2.4371993470E-03  -3.9917421275E-03  -2.1859115285E-08  -1.0036178155E-04
   32      5.2060296070E-03   2.8031015289E-08  -5.0338532969E-08   7.3144262103E-03  -7.4371215518E-08
   33     -2.5154901102E-08  -3.6307754399E-02   2.0043813114E-02   2.1948989750E-07  -2.8642790198E-01
   34      1.4742607820E-07   3.3388758531E-02   3.5442233519E-03  -6.1143969812E-08   1.1367939025E-02
   35      7.9840722142E-03  -3.4138930762E-08   2.2881998109E-07   1.8756702544E-03   1.1930429866E-07
   36      8.4201563985E-09   4.8120568416E-03  -1.0011300235E-02  -9.0965686845E-08  -2.7587504102E-02
   37      5.8058177383E-08  -3.1738173378E-03  -1.3178788466E-03  -2.0692209552E-08   2.7983847397E-03
   38     -1.5024010557E-03   9.4480631886E-09   4.3260211807E-08   1.3394720179E-03  -1.4297722444E-07
                   10                 11                 12                 13                 14        
    0     -3.7192059285E-03   1.2201902359E-07  -2.0590424567E-02   3.3497185551E-02   4.9795118263E-08
    1     -6.5614486517E-02   1.3652340488E-08   8.0011395044E-02   2.7549027112E-02   5.6746057293E-08
    2      5.5948935186E-08  -8.3418549595E-03  -1.3921446215E-07   1.1976494155E-07   9.2960284902E-03
    3      7.5749498839E-02  -2.4304089510E-07  -5.3804948778E-02  -2.7751356574E-02   1.0410790418E-08
    4      2.5492076346E-02  -1.4966462294E-07  -2.5667659608E-02  -1.3410894660E-02  -3.3140425198E-08
    5      6.0665546551E-08   9.8757400274E-03   1.1304664707E-07  -2.8866450472E-07  -7.9294639050E-03
    6      4.8340019247E-02  -6.8143536221E-08   6.0853997107E-02   1.5383699951E-02  -3.0546506369E-08
    7     -2.8752298490E-01   3.4165518611E-07  -2.8719715789E-02  -5.6531172721E-02  -8.7018062310E-08
    8      2.1610101287E-07  -6.8253643647E-02  -3.1578304044E-08   2.3510062725E-07   1.1579879842E-02
    9     -1.4285871294E-03  -1.5274407615E-08  -1.6598310689E-01  -1.1200981414E-01   6.9765998475E-08
   10      6.5507841796E-01  -1.0181209304E-07  -6.2211810653E-02  -2.6945283013E-01  -7.7851733748E-08
   11     -1.0181209304E-07   1.4867595007E-01  -1.2266719032E-07  -2.6133432440E-07  -6.8557208266E-02
   12     -6.2211810653E-02  -1.2266719032E-07   6.9786902033E-01  -4.3956087195E-02   7.2457719690E-07
   13     -2.6945283013E-01  -2.6133432440E-07  -4.3956087195E-02   7.2217750765E-01   3.7353021540E-07
   14     -7.7851733748E-08  -6.8557208266E-02   7.2457719690E-07   3.7353021540E-07   1.4329784174E-01
   15     -6.8643501183E-02  -1.4331560430E-07  -3.5270616196E-01   4.5037041029E-02  -5.9606212768E-07
   16      3.6655651869E-02   2.8834653825E-07  -1.9147684311E-02  -1.2953482882E-01  -2.2821160976E-08
   17     -1.1621668325E-07   9.8741428510E-03  -5.1115623864E-07   2.2362757517E-08  -6.8748511660E-02
   18     -7.9320951983E-04   1.2117916621E-07  -5.1511936045E-04  -6.7311402228E-04   8.5820616196E-09
   19      1.7057110461E-03  -1.8457724353E-07  -7.5167614432E-04   2.2580716085E-04  -2.6597793052E-08
   20     -1.4229736378E-08   7.1541867507E-03   4.1679217668E-08  -1.0859987977E-09  -9.3103995335E-04
   21      1.4423710999E-02  -1.1314279658E-08  -1.1595190812E-03   2.6396663771E-03   1.7638665773E-08
   22     -1.5990120910E-02  -2.9942029154E-09   3.9555279513E-03  -2.5081942152E-03   7.2123344954E-08
   23      1.2623619226E-08   3.7352836247E-03  -3.7090456882E-08  -3.5319845326E-10   6.2855772926E-03
   24     -1.7388462721E-02   6.1701670713E-08  -1.1708147266E-01   1.1749971562E-01  -9.7663527635E-09
   25     -1.5738773257E-02   2.1230227334E-07   1.1641774530E-01  -2.8642339318E-01  -1.0518513950E-07
   26     -1.0401259308E-07   3.7377065593E-03   3.7388648936E-08  -1.3239016621E-07  -3.9111632488E-02
   27      1.4905515637E-03   1.4050236662E-08  -1.2134532614E-02  -2.6436837611E-02  -3.6673403381E-08
   28      1.4767244115E-03   8.3864994279E-08   4.1823109931E-03   5.8442396213E-03  -9.1331295048E-08
   29      4.9788901105E-08   7.1501097633E-03  -7.2585227609E-08  -7.5128197122E-08   4.3154642013E-03
   30     -1.0087659049E-04  -1.3765214423E-07   7.9809554786E-04   2.4675880814E-03   2.4097503379E-08
   31     -9.3244925831E-04  -3.0696428410E-09   1.8968671857E-03  -4.5335344193E-03   5.0282353173E-08
   32     -4.5117537979E-08  -8.5706057416E-04   2.5827360086E-08   1.8271860609E-08   7.3170447609E-03
   33      1.1255024989E-02   9.6812386864E-07  -4.1809964603E-02  -1.4836418336E-02  -2.0092260124E-07
   34     -8.6871391727E-02  -4.7206369904E-08  -2.8304605693E-02   9.3366827662E-03   1.5427515188E-07
   35     -6.6637435868E-08  -6.2547937881E-02  -7.1689337526E-08  -7.8101098642E-08   1.8560814691E-03
   36      3.0078061796E-03  -1.7967355693E-07   6.2641375324E-03   9.1432981696E-03  -1.7551197605E-09
   37      2.1714455063E-02  -3.8531483130E-08   2.2908260131E-03  -2.7384161694E-03  -7.2627805630E-08
   38     -1.9881551360E-08   1.8354585685E-02   1.4320922872E-08  -1.2235662121E-07   1.3299384784E-03
                   15                 16                 17                 18                 19        
    0     -1.7240860922E-01   1.1811678975E-01  -1.2297265934E-07   1.1242241325E-02   1.3514080000E-02
    1      5.2029884610E-02  -3.0115445512E-01  -2.5068266524E-07  -1.7263870325E-02  -1.6724682114E-02
    2     -1.2313917829E-07  -1.0861008256E-07  -6.9399171029E-02   1.5437172762E-08   1.2224675405E-09
    3      6.5808383095E-02  -2.9431023037E-02   1.0072023123E-07  -1.1514718227E-01   1.1510585354E-01
    4      1.5627717802E-02  -5.5501135226E-02   5.4648178512E-08   1.1476305157E-01  -2.8535077829E-01
    5     -2.4279788483E-08  -1.2060580144E-07   9.7465803274E-03   9.2794346872E-08   7.0784029882E-08
    6     -4.7279445877E-02   2.9517044989E-02  -1.1023939521E-08  -9.3959302281E-03  -2.4355418567E-03
    7      3.1582118486E-02  -1.9909915135E-02   6.9207606805E-08   2.8172799808E-02   3.0881385751E-03
    8     -3.5054647895E-08  -2.1928319221E-07  -7.9318879931E-03  -2.4548752400E-07   2.0419258584E-07
    9     -3.7232906210E-02  -2.2239390824E-02  -5.8198899596E-08  -4.7076138311E-03  -5.1291766417E-04
   10     -6.8643501183E-02   3.6655651869E-02  -1.1621668325E-07  -7.9320951983E-04   1.7057110461E-03
   11     -1.4331560430E-07   2.8834653825E-07   9.8741428510E-03   1.2117916621E-07  -1.8457724353E-07
   12     -3.5270616196E-01  -1.9147684311E-02  -5.1115623864E-07  -5.1511936045E-04  -7.5167614432E-04
   13      4.5037041029E-02  -1.2953482882E-01   2.2362757517E-08  -6.7311402228E-04   2.2580716085E-04
   14     -5.9606212768E-07  -2.2821160976E-08  -6.8748511660E-02   8.5820616196E-09  -2.6597793052E-08
   15      7.0181687131E-01   3.6759030565E-02   1.1087413152E-06  -1.4438117403E-03  -3.6827903118E-03
   16      3.6759030565E-02   7.2550457299E-01   3.5889766739E-07  -2.9371145979E-03  -2.2814085618E-03
   17      1.1087413152E-06   3.5889766739E-07   1.4294860093E-01   5.2204273775E-08  -7.4486700434E-09
   18     -1.4438117403E-03  -2.9371145979E-03   5.2204273775E-08   1.1780629313E-01  -1.2211352279E-01
   19     -3.6827903118E-03  -2.2814085618E-03  -7.4486700434E-09  -1.2211352279E-01   2.9819768317E-01
   20     -4.7169251669E-08   9.7423079374E-09   7.0997789592E-03  -6.2385178735E-08  -5.9633870295E-08
   21     -4.2601412749E-04   6.4881045886E-04  -2.3778196661E-08   1.4711535106E-03   1.3981240324E-04
   22      5.1213853956E-04   3.6296167672E-04   4.4489370537E-08  -2.6462686568E-04   6.1633738843E-04
   23      3.0238832881E-08  -5.3567922280E-10  -9.2034897665E-04   9.0471756484E-09   8.5939986969E-10
   24     -7.8926842967E-03   2.7779535730E-02  -8.4995852908E-09   1.0220012991E-04   1.0096594020E-04
   25     -2.4768575822E-03   3.6884399866E-03   1.1447710793E-07   7.7530049882E-05  -1.9279107783E-05
   26     -1.2928972589E-08   6.6607415895E-08   5.1993725313E-03   9.9208599941E-09  -1.8367914465E-09
   27     -1.4312959769E-01  -1.3084961351E-01  -2.3529212766E-07   3.9173333625E-04   6.4248680783E-04
   28     -1.3122366271E-01  -2.5719931920E-01  -2.6553911977E-07  -7.7843448138E-04  -8.0876262518E-04
   29     -2.4936732698E-07  -4.4535154239E-07  -3.9528621290E-02  -3.8438988972E-09  -1.5462426908E-09
   30     -8.1310441075E-03  -2.3941679631E-03  -4.9813232324E-08   8.6910643022E-04   2.0338609060E-04
   31      2.8248805907E-02   2.6909003647E-03   9.6828167207E-08   6.4643370720E-04   1.2371500438E-03
   32     -1.9630028971E-08   1.1215281795E-08   5.1931587380E-03   1.2563296331E-08   1.2391857329E-08
   33      5.8351400354E-03  -6.6923220508E-03   1.4659296643E-08  -2.3584557695E-04  -2.7776470825E-04
   34     -4.7045437575E-03  -4.1019693076E-03   6.7748568002E-09   1.4209477297E-03   2.1777589324E-04
   35     -2.8073620923E-08  -1.0805512833E-09   7.9628331381E-03   2.1568241887E-08  -4.7207117507E-09
   36     -2.8101192116E-03   8.7816227202E-04  -5.8259531924E-08  -4.3722485899E-04   6.7197561939E-05
   37      9.2656112850E-04   7.8050447650E-04  -2.8248503249E-09  -2.5643912845E-04  -1.0369258304E-04
   38     -5.7290306154E-08   5.8505074732E-08  -1.4959265279E-03   1.2245878479E-08  -9.3459367092E-09
                   20                 21                 22                 23                 24        
    0      2.1082931645E-08  -4.9380538568E-03   1.0226894887E-03  -3.8195979450E-08  -5.1691557717E-03
    1     -5.9091937480E-08   1.7555028226E-03   1.0987762619E-03   1.8146401216E-08  -1.0360501806E-03
    2      4.4801471321E-03  -5.4604682201E-08  -6.3179369007E-08   7.3909781780E-03   7.9165305237E-08
    3     -4.5092409186E-08  -1.0584645521E-02   4.1139577809E-03  -7.3862309498E-08  -5.4196826832E-04
    4      7.5274294538E-08  -2.6180209133E-02   6.4250110681E-03  -6.3628907335E-08  -5.4547234420E-04
    5     -3.9522101654E-02   1.7438615752E-07  -9.5483274997E-08   5.1967863293E-03   2.0407062265E-08
    6     -5.5155028829E-08  -1.4554656628E-01  -1.3213730488E-01   1.9930487182E-07  -1.9172457356E-03
    7      3.9490940703E-08  -1.3338176182E-01  -2.5775259881E-01   4.1542048569E-07  -2.7078468177E-03
    8      4.3142462341E-03   1.3610228811E-07   2.1693387096E-07  -3.9081431772E-02   3.2015581776E-08
    9     -1.4379509688E-08   1.0411875640E-02  -1.5545612355E-02   1.8305206714E-08   1.0186752807E-02
   10     -1.4229736378E-08   1.4423710999E-02  -1.5990120910E-02   1.2623619226E-08  -1.7388462721E-02
   11      7.1541867507E-03  -1.1314279658E-08  -2.9942029154E-09   3.7352836247E-03   6.1701670713E-08
   12      4.1679217668E-08  -1.1595190812E-03   3.9555279513E-03  -3.7090456882E-08  -1.1708147266E-01
   13     -1.0859987977E-09   2.6396663771E-03  -2.5081942152E-03  -3.5319845326E-10   1.1749971562E-01
   14     -9.3103995335E-04   1.7638665773E-08   7.2123344954E-08   6.2855772926E-03  -9.7663527635E-09
   15     -4.7169251669E-08  -4.2601412749E-04   5.1213853956E-04   3.0238832881E-08  -7.8926842967E-03
   16      9.7423079374E-09   6.4881045886E-04   3.6296167672E-04  -5.3567922280E-10   2.7779535730E-02
   17      7.0997789592E-03  -2.3778196661E-08   4.4489370537E-08  -9.2034897665E-04  -8.4995852908E-09
   18     -6.2385178735E-08   1.4711535106E-03  -2.6462686568E-04   9.0471756484E-09   1.0220012991E-04
   19     -5.9633870295E-08   1.3981240324E-04   6.1633738843E-04   8.5939986969E-10   1.0096594020E-04
   20      2.6691482152E-02   2.0362415195E-08   5.1271845084E-08  -4.4522781494E-03   3.2960048932E-09
   21      2.0362415195E-08   1.4954688896E-01   1.3986502521E-01  -2.3596843078E-07   4.9468553201E-04
   22      5.1271845084E-08   1.3986502521E-01   2.6807824771E-01  -2.6360720892E-07  -8.1344915829E-04
   23     -4.4522781494E-03  -2.3596843078E-07  -2.6360720892E-07   2.6108202356E-02   5.1559735289E-09
   24      3.2960048932E-09   4.9468553201E-04  -8.1344915829E-04   5.1559735289E-09   1.1964773096E-01
   25     -5.6350264452E-09   6.7048991765E-04  -7.4904584435E-04  -1.9560441055E-08  -1.2328229146E-01
   26     -1.0263170292E-03   2.6009170599E-09  -2.2722536375E-09   5.1440070997E-04  -6.2100432058E-08
   27      3.4017523880E-08   8.0176518723E-05  -8.8093504038E-05  -7.7056722420E-09   1.4766468183E-03
   28      2.5947833829E-08  -1.1276932974E-04   3.0106279968E-06  -3.7671139602E-10  -2.3764727196E-04
   29      2.5452664157E-05  -8.0151228377E-09  -1.1089240412E-08  -1.0264291401E-03   4.1154136482E-08
   30      3.0042495626E-08  -5.6196612842E-04   2.5997733661E-04   2.1201859566E-08  -4.4483971789E-04
   31     -5.9217527797E-08  -1.1970202252E-03   1.7676012336E-04  -2.6398743111E-08   1.2616334026E-03
   32     -4.2192193318E-03   5.5463404118E-10  -2.2977027324E-09  -1.4891220335E-04   3.1595040708E-09
   33      1.0227667202E-08   1.0944623347E-03  -1.3345516438E-03  -1.1802953259E-09   1.0759926616E-03
   34      5.2513532470E-08   7.6796136254E-04   1.8747837615E-04   1.9886132529E-08  -6.6350257316E-04
   35      5.7970130532E-04   5.9400363828E-08  -1.0555206084E-08  -4.2159513760E-03   2.5750766843E-08
   36      1.9647250054E-08   1.1752250318E-04   4.5250203833E-04   7.5580152557E-09   6.3357544046E-05
   37     -4.9089738312E-08  -3.7398988375E-05   5.1376548337E-05  -2.6147095106E-08   3.3529896482E-05
   38     -1.9403907967E-04   2.5826479378E-08   3.3197324794E-10   6.1412312719E-04   1.1949772548E-08
                   25                 26                 27                 28                 29        
    0     -2.9988543652E-04  -3.8420496622E-08   1.1307079431E-02  -1.6689283348E-02   3.3092969741E-09
    1      1.3321067534E-03  -1.9758870969E-08   1.4066007270E-02  -1.6783850293E-02   4.4741805709E-08
    2     -1.3329302541E-07   7.3902562306E-03   9.7394877759E-08  -4.1240993179E-08   4.4853240622E-03
    3     -4.0264535862E-04   1.3520110587E-08  -7.0947861995E-04   3.5014176237E-03  -3.1538242728E-08
    4      4.8234160053E-04   6.7630745856E-09   2.7603249681E-03  -3.0098796327E-03  -1.3776281916E-08
    5      8.3835735457E-09  -9.1942717279E-04  -1.0736881631E-07  -8.1322003034E-08   7.1016506781E-03
    6     -4.0229387551E-03   3.7999558141E-08  -3.4777866801E-04   8.1817773931E-04   1.8433670101E-08
    7     -1.7534040951E-03  -2.6415890837E-08   7.3669498967E-04   5.5019563399E-05   2.0822308354E-08
    8     -2.0492374918E-07   6.2856381419E-03  -1.2965154664E-09   1.2699787348E-08  -9.3217674307E-04
    9      1.2585589779E-02  -3.5848626000E-08  -4.4759059109E-03   1.2226473819E-03   3.7077519050E-08
   10     -1.5738773257E-02  -1.0401259308E-07   1.4905515637E-03   1.4767244115E-03   4.9788901105E-08
   11      2.1230227334E-07   3.7377065593E-03   1.4050236662E-08   8.3864994279E-08   7.1501097633E-03
   12      1.1641774530E-01   3.7388648936E-08  -1.2134532614E-02   4.1823109931E-03  -7.2585227609E-08
   13     -2.8642339318E-01  -1.3239016621E-07  -2.6436837611E-02   5.8442396213E-03  -7.5128197122E-08
   14     -1.0518513950E-07  -3.9111632488E-02  -3.6673403381E-08  -9.1331295048E-08   4.3154642013E-03
   15     -2.4768575822E-03  -1.2928972589E-08  -1.4312959769E-01  -1.3122366271E-01  -2.4936732698E-07
   16      3.6884399866E-03   6.6607415895E-08  -1.3084961351E-01  -2.5719931920E-01  -4.4535154239E-07
   17      1.1447710793E-07   5.1993725313E-03  -2.3529212766E-07  -2.6553911977E-07  -3.9528621290E-02
   18      7.7530049882E-05   9.9208599941E-09   3.9173333625E-04  -7.7843448138E-04  -3.8438988972E-09
   19     -1.9279107783E-05  -1.8367914465E-09   6.4248680783E-04  -8.0876262518E-04  -1.5462426908E-09
   20     -5.6350264452E-09  -1.0263170292E-03   3.4017523880E-08   2.5947833829E-08   2.5452664157E-05
   21      6.7048991765E-04   2.6009170599E-09   8.0176518723E-05  -1.1276932974E-04  -8.0151228377E-09
   22     -7.4904584435E-04  -2.2722536375E-09  -8.8093504038E-05   3.0106279968E-06  -1.1089240412E-08
   23     -1.9560441055E-08   5.1440070997E-04  -7.7056722420E-09  -3.7671139602E-10  -1.0264291401E-03
   24     -1.2328229146E-01  -6.2100432058E-08   1.4766468183E-03  -2.3764727196E-04   4.1154136482E-08
   25      2.9849416546E-01   1.4886376723E-07   1.6674869073E-04   6.1407937374E-04   9.9876851451E-09
   26      1.4886376723E-07   2.6154868993E-02   4.4713036005E-08  -1.5846030212E-09  -4.4531585896E-03
   27      1.6674869073E-04   4.4713036005E-08   1.4752981328E-01   1.3916076619E-01   2.0773255841E-07
   28      6.1407937374E-04  -1.5846030212E-09   1.3916076619E-01   2.6826946243E-01   3.2898394421E-07
   29      9.9876851451E-09  -4.4531585896E-03   2.0773255841E-07   3.2898394421E-07   2.6694678412E-02
   30     -1.8732763719E-04  -7.8786565104E-08   7.7851413460E-04  -1.5365437676E-04   6.7235434161E-08
   31      6.0162484464E-05   2.4667397280E-08  -5.9619770047E-04   1.3253372254E-03   4.4842714225E-08
   32      1.9467190498E-09  -1.4848241085E-04  -9.3596532301E-09   1.1902857568E-08  -4.2196547950E-03
   33      1.2161689661E-03  -1.6571071448E-07  -3.6594306898E-04   3.4356138786E-04   3.8156129928E-08
   34     -8.0915394465E-05   4.7474085469E-08  -1.3467238571E-03   3.4440661558E-04   4.2304790903E-08
   35     -3.0597320431E-08  -4.2369922668E-03   3.5781195983E-08   1.4060100689E-09   5.8158684677E-04
   36     -4.6298453603E-04   4.4263267885E-08  -4.0072694892E-04  -3.2203715649E-05  -9.6945815958E-08
   37      9.3515218214E-05  -1.2143967879E-08   2.9265961774E-04  -1.3046812017E-04   1.1544901106E-08
   38      9.2729724166E-09   6.1376679208E-04   1.3203649506E-08   1.0463751925E-08  -1.9422607039E-04
                   30                 31                 32                 33                 34        
    0     -3.4123155097E-01   1.6087019565E-02   6.8860192644E-08  -3.7276545314E-04  -1.3615075989E-04
    1      1.6072437559E-02  -5.8890701547E-02  -1.0041283918E-07  -1.5434387544E-04  -3.0684281606E-03
    2      6.9247885762E-08  -2.4120167325E-08  -4.1049368761E-02   1.3556584998E-07  -6.9528342459E-10
    3     -1.0931304246E-02  -2.6715630170E-02  -3.6451187388E-08   6.9802653464E-03   3.4265090131E-03
    4      3.9338926196E-03   5.4508186324E-03   6.2997875069E-08   5.4113010139E-03  -5.2373311788E-03
    5      1.2822476657E-08  -5.9130288100E-08   5.2060296070E-03  -2.5154901102E-08   1.4742607820E-07
    6      2.2774975757E-04  -2.4371993470E-03   2.8031015289E-08  -3.6307754399E-02   3.3388758531E-02
    7     -3.0175477171E-03  -3.9917421275E-03  -5.0338532969E-08   2.0043813114E-02   3.5442233519E-03
    8      3.6282537429E-08  -2.1859115285E-08   7.3144262103E-03   2.1948989750E-07  -6.1143969812E-08
    9      7.2442981566E-04  -1.0036178155E-04  -7.4371215518E-08  -2.8642790198E-01   1.1367939025E-02
   10     -1.0087659049E-04  -9.3244925831E-04  -4.5117537979E-08   1.1255024989E-02  -8.6871391727E-02
   11     -1.3765214423E-07  -3.0696428410E-09  -8.5706057416E-04   9.6812386864E-07  -4.7206369904E-08
   12      7.9809554786E-04   1.8968671857E-03   2.5827360086E-08  -4.1809964603E-02  -2.8304605693E-02
   13      2.4675880814E-03  -4.5335344193E-03   1.8271860609E-08  -1.4836418336E-02   9.3366827662E-03
   14      2.4097503379E-08   5.0282353173E-08   7.3170447609E-03  -2.0092260124E-07   1.5427515188E-07
   15     -8.1310441075E-03   2.8248805907E-02  -1.9630028971E-08   5.8351400354E-03  -4.7045437575E-03
   16     -2.3941679631E-03   2.6909003647E-03   1.1215281795E-08  -6.6923220508E-03  -4.1019693076E-03
   17     -4.9813232324E-08   9.6828167207E-08   5.1931587380E-03   1.4659296643E-08   6.7748568002E-09
   18      8.6910643022E-04   6.4643370720E-04   1.2563296331E-08  -2.3584557695E-04   1.4209477297E-03
   19      2.0338609060E-04   1.2371500438E-03   1.2391857329E-08  -2.7776470825E-04   2.1777589324E-04
   20      3.0042495626E-08  -5.9217527797E-08  -4.2192193318E-03   1.0227667202E-08   5.2513532470E-08
   21     -5.6196612842E-04  -1.1970202252E-03   5.5463404118E-10   1.0944623347E-03   7.6796136254E-04
   22      2.5997733661E-04   1.7676012336E-04  -2.2977027324E-09  -1.3345516438E-03   1.8747837615E-04
   23      2.1201859566E-08  -2.6398743111E-08  -1.4891220335E-04  -1.1802953259E-09   1.9886132529E-08
   24     -4.4483971789E-04   1.2616334026E-03   3.1595040708E-09   1.0759926616E-03  -6.6350257316E-04
   25     -1.8732763719E-04   6.0162484464E-05   1.9467190498E-09   1.2161689661E-03  -8.0915394465E-05
   26     -7.8786565104E-08   2.4667397280E-08  -1.4848241085E-04  -1.6571071448E-07   4.7474085469E-08
   27      7.7851413460E-04  -5.9619770047E-04  -9.3596532301E-09  -3.6594306898E-04  -1.3467238571E-03
   28     -1.5365437676E-04   1.3253372254E-03   1.1902857568E-08   3.4356138786E-04   3.4440661558E-04
   29      6.7235434161E-08   4.4842714225E-08  -4.2196547950E-03   3.8156129928E-08   4.2304790903E-08
   30      3.5790769775E-01  -1.7097677252E-02  -1.9472661233E-08   1.4065069332E-04   3.0281572435E-06
   31     -1.7097677252E-02   5.7290412442E-02   3.5668478970E-08   3.7021046661E-06   1.4343501104E-04
   32     -1.9472661233E-08   3.5668478970E-08   2.6664523745E-02   1.9220331565E-08  -7.2652935198E-09
   33      1.4065069332E-04   3.7021046661E-06   1.9220331565E-08   1.5701166424E+00  -8.5673597425E-02
   34      3.0281572435E-06   1.4343501104E-04  -7.2652935198E-09  -8.5673597425E-02   1.2830509823E-01
   35      6.3417183992E-08  -1.0070997687E-08  -1.2911676846E-03  -2.6998945799E-06  -8.5299758479E-08
   36     -1.4553896524E-04   3.2442731264E-06  -4.0427669568E-08  -1.2197229784E+00   7.0478660747E-02
   37      7.3220214804E-06  -2.6548974752E-05  -1.2970824829E-09   7.0670745963E-02  -4.2719064473E-02
   38      2.8733081987E-09   3.9114297643E-09   2.3868269928E-04   2.5232487380E-06  -7.3161627156E-08
                   35                 36                 37                 38        
     0      5.3945497551E-08   3.7449814470E-04   1.7259838132E-05   6.2215162724E-08
     1     -1.1199315161E-08   2.5272626569E-05   7.2379998538E-04   1.0175617450E-08
     2     -1.4345849947E-03  -1.4168978532E-07  -1.6032482856E-08   3.6057311674E-04
     3     -1.1267556697E-07  -2.9684418969E-03  -4.7969104541E-04  -3.1910464502E-08
     4     -5.2958109586E-09  -4.4351238662E-04   9.4020798488E-04  -4.3505189127E-08
     5      7.9840722142E-03   8.4201563985E-09   5.8058177383E-08  -1.5024010557E-03
     6     -3.4138930762E-08   4.8120568416E-03  -3.1738173378E-03   9.4480631886E-09
     7      2.2881998109E-07  -1.0011300235E-02  -1.3178788466E-03   4.3260211807E-08
     8      1.8756702544E-03  -9.0965686845E-08  -2.0692209552E-08   1.3394720179E-03
     9      1.1930429866E-07  -2.7587504102E-02   2.7983847397E-03  -1.4297722444E-07
    10     -6.6637435868E-08   3.0078061796E-03   2.1714455063E-02  -1.9881551360E-08
    11     -6.2547937881E-02  -1.7967355693E-07  -3.8531483130E-08   1.8354585685E-02
    12     -7.1689337526E-08   6.2641375324E-03   2.2908260131E-03   1.4320922872E-08
    13     -7.8101098642E-08   9.1432981696E-03  -2.7384161694E-03  -1.2235662121E-07
    14      1.8560814691E-03  -1.7551197605E-09  -7.2627805630E-08   1.3299384784E-03
    15     -2.8073620923E-08  -2.8101192116E-03   9.2656112850E-04  -5.7290306154E-08
    16     -1.0805512833E-09   8.7816227202E-04   7.8050447650E-04   5.8505074732E-08
    17      7.9628331381E-03  -5.8259531924E-08  -2.8248503249E-09  -1.4959265279E-03
    18      2.1568241887E-08  -4.3722485899E-04  -2.5643912845E-04   1.2245878479E-08
    19     -4.7207117507E-09   6.7197561939E-05  -1.0369258304E-04  -9.3459367092E-09
    20      5.7970130532E-04   1.9647250054E-08  -4.9089738312E-08  -1.9403907967E-04
    21      5.9400363828E-08   1.1752250318E-04  -3.7398988375E-05   2.5826479378E-08
    22     -1.0555206084E-08   4.5250203833E-04   5.1376548337E-05   3.3197324794E-10
    23     -4.2159513760E-03   7.5580152557E-09  -2.6147095106E-08   6.1412312719E-04
    24      2.5750766843E-08   6.3357544046E-05   3.3529896482E-05   1.1949772548E-08
    25     -3.0597320431E-08  -4.6298453603E-04   9.3515218214E-05   9.2729724166E-09
    26     -4.2369922668E-03   4.4263267885E-08  -1.2143967879E-08   6.1376679208E-04
    27      3.5781195983E-08  -4.0072694892E-04   2.9265961774E-04   1.3203649506E-08
    28      1.4060100689E-09  -3.2203715649E-05  -1.3046812017E-04   1.0463751925E-08
    29      5.8158684677E-04  -9.6945815958E-08   1.1544901106E-08  -1.9422607039E-04
    30      6.3417183992E-08  -1.4553896524E-04   7.3220214804E-06   2.8733081987E-09
    31     -1.0070997687E-08   3.2442731264E-06  -2.6548974752E-05   3.9114297643E-09
    32     -1.2911676846E-03  -4.0427669568E-08  -1.2970824829E-09   2.3868269928E-04
    33     -2.6998945799E-06  -1.2197229784E+00   7.0670745963E-02   2.5232487380E-06
    34     -8.5299758479E-08   7.0478660747E-02  -4.2719064473E-02  -7.3161627156E-08
    35      9.3444745411E-02   1.7314758000E-06  -1.2255011076E-07  -4.0558056435E-02
    36      1.7314758000E-06   1.2424409618E+00  -7.3098042856E-02  -1.8224006515E-06
    37     -1.2255011076E-07  -7.3098042856E-02   2.2732209890E-02   2.1233182088E-07
    38     -4.0558056435E-02  -1.8224006515E-06   2.1233182088E-07   2.1093507252E-02

$vibrational_frequencies
39
    0        0.0000000000000000
    1        0.0000000000000000
    2        0.0000000000000000
    3        0.0000000000000000
    4        0.0000000000000000
    5        0.0000000000000000
    6      145.9734380291784532
    7      167.4174218655743402
    8      398.3901047562013105
    9      412.6836836513082289
   10      464.9790323565308086
   11      571.1697937111882766
   12      583.1387231994683589
   13      636.0902138490058633
   14      712.5080288916004747
   15      774.7464072791705121
   16      788.1964612072431464
   17      867.3495170294463605
   18      964.5711455526201235
   19     1013.3265662264191178
   20     1015.2197958405969302
   21     1044.6583016478698482
   22     1045.3182068145979429
   23     1097.7164574897403782
   24     1164.0511837583678698
   25     1180.0338944821805853
   26     1226.1900886465327858
   27     1324.8450464578793344
   28     1361.9624692824490921
   29     1471.0737916720513567
   30     1517.4396919524890563
   31     1626.0600041580421475
   32     1652.9107686972004103
   33     2348.9313458126025580
   34     3185.2914454920473872
   35     3194.3296881677742931
   36     3200.0741160667043914
   37     3207.8066506147142718
   38     3210.8007069665391100

$normal_modes
39 39
                    0                  1                  2                  3                  4        
    0      0.0000000000E+00   0.0000000000E+00   0.0000000000E+00   0.0000000000E+00   0.0000000000E+00
    1      0.0000000000E+00   0.0000000000E+00   0.0000000000E+00   0.0000000000E+00   0.0000000000E+00
    2      0.0000000000E+00   0.0000000000E+00   0.0000000000E+00   0.0000000000E+00   0.0000000000E+00
    3      0.0000000000E+00   0.0000000000E+00   0.0000000000E+00   0.0000000000E+00   0.0000000000E+00
    4      0.0000000000E+00   0.0000000000E+00   0.0000000000E+00   0.0000000000E+00   0.0000000000E+00
    5      0.0000000000E+00   0.0000000000E+00   0.0000000000E+00   0.0000000000E+00   0.0000000000E+00
    6      0.0000000000E+00   0.0000000000E+00   0.0000000000E+00   0.0000000000E+00   0.0000000000E+00
    7      0.0000000000E+00   0.0000000000E+00   0.0000000000E+00   0.0000000000E+00   0.0000000000E+00
    8      0.0000000000E+00   0.0000000000E+00   0.0000000000E+00   0.0000000000E+00   0.0000000000E+00
    9      0.0000000000E+00   0.0000000000E+00   0.0000000000E+00   0.0000000000E+00   0.0000000000E+00
   10      0.0000000000E+00   0.0000000000E+00   0.0000000000E+00   0.0000000000E+00   0.0000000000E+00
   11      0.0000000000E+00   0.0000000000E+00   0.0000000000E+00   0.0000000000E+00   0.0000000000E+00
   12      0.0000000000E+00   0.0000000000E+00   0.0000000000E+00   0.0000000000E+00   0.0000000000E+00
   13      0.0000000000E+00   0.0000000000E+00   0.0000000000E+00   0.0000000000E+00   0.0000000000E+00
   14      0.0000000000E+00   0.0000000000E+00   0.0000000000E+00   0.0000000000E+00   0.0000000000E+00
   15      0.0000000000E+00   0.0000000000E+00   0.0000000000E+00   0.0000000000E+00   0.0000000000E+00
   16      0.0000000000E+00   0.0000000000E+00   0.0000000000E+00   0.0000000000E+00   0.0000000000E+00
   17      0.0000000000E+00   0.0000000000E+00   0.0000000000E+00   0.0000000000E+00   0.0000000000E+00
   18      0.0000000000E+00   0.0000000000E+00   0.0000000000E+00   0.0000000000E+00   0.0000000000E+00
   19      0.0000000000E+00   0.0000000000E+00   0.0000000000E+00   0.0000000000E+00   0.0000000000E+00
   20      0.0000000000E+00   0.0000000000E+00   0.0000000000E+00   0.0000000000E+00   0.0000000000E+00
   21      0.0000000000E+00   0.0000000000E+00   0.0000000000E+00   0.0000000000E+00   0.0000000000E+00
   22      0.0000000000E+00   0.0000000000E+00   0.0000000000E+00   0.0000000000E+00   0.0000000000E+00
   23      0.0000000000E+00   0.0000000000E+00   0.0000000000E+00   0.0000000000E+00   0.0000000000E+00
   24      0.0000000000E+00   0.0000000000E+00   0.0000000000E+00   0.0000000000E+00   0.0000000000E+00
   25      0.0000000000E+00   0.0000000000E+00   0.0000000000E+00   0.0000000000E+00   0.0000000000E+00
   26      0.0000000000E+00   0.0000000000E+00   0.0000000000E+00   0.0000000000E+00   0.0000000000E+00
   27      0.0000000000E+00   0.0000000000E+00   0.0000000000E+00   0.0000000000E+00   0.0000000000E+00
   28      0.0000000000E+00   0.0000000000E+00   0.0000000000E+00   0.0000000000E+00   0.0000000000E+00
   29      0.0000000000E+00   0.0000000000E+00   0.0000000000E+00   0.0000000000E+00   0.0000000000E+00
   30      0.0000000000E+00   0.0000000000E+00   0.0000000000E+00   0.0000000000E+00   0.0000000000E+00
   31      0.0000000000E+00   0.0000000000E+00   0.0000000000E+00   0.0000000000E+00   0.0000000000E+00
   32      0.0000000000E+00   0.0000000000E+00   0.0000000000E+00   0.0000000000E+00   0.0000000000E+00
   33      0.0000000000E+00   0.0000000000E+00   0.0000000000E+00   0.0000000000E+00   0.0000000000E+00
   34      0.0000000000E+00   0.0000000000E+00   0.0000000000E+00   0.0000000000E+00   0.0000000000E+00
   35      0.0000000000E+00   0.0000000000E+00   0.0000000000E+00   0.0000000000E+00   0.0000000000E+00
   36      0.0000000000E+00   0.0000000000E+00   0.0000000000E+00   0.0000000000E+00   0.0000000000E+00
   37      0.0000000000E+00   0.0000000000E+00   0.0000000000E+00   0.0000000000E+00   0.0000000000E+00
   38      0.0000000000E+00   0.0000000000E+00   0.0000000000E+00   0.0000000000E+00   0.0000000000E+00
                    5                  6                  7                  8                  9        
    0      0.0000000000E+00   1.1860750544E-06   6.5578584259E-03  -1.6367931077E-06  -7.9977336355E-07
    1      0.0000000000E+00   4.9176527758E-06   1.1747454816E-01   3.0443637940E-07   8.8236147122E-08
    2      0.0000000000E+00  -2.7050270276E-01   1.2557275628E-05   2.4105989662E-01  -5.4146407588E-03
    3      0.0000000000E+00   6.8217620433E-06   1.5521493549E-01  -2.6353665419E-07  -9.3736482839E-07
    4      0.0000000000E+00   1.2246422772E-06   1.8218719998E-02  -4.6581069377E-07  -1.0742811848E-07
    5      0.0000000000E+00  -6.5348074628E-02   2.2645992213E-06  -1.1667118629E-01   2.0823249250E-01
    6      0.0000000000E+00   5.6932610451E-06   1.3709410804E-01  -3.5099567552E-08  -3.3121718406E-07
    7      0.0000000000E+00  -7.3931864829E-06  -1.8037559441E-01  -1.0881317730E-06  -3.4320715147E-07
    8      0.0000000000E+00   2.3101941774E-01  -1.1384031860E-05  -1.5485465215E-01  -1.9832788514E-01
    9      0.0000000000E+00  -1.1911551427E-06  -1.4869788447E-02   9.0751966710E-07   5.9288663030E-07
   10      0.0000000000E+00  -1.0742271015E-05  -2.5728349119E-01  -5.1286170628E-07   1.4023150488E-07
   11      0.0000000000E+00   2.9863331601E-01  -1.4629818073E-05   2.0334371528E-01  -4.1623031292E-03
   12      0.0000000000E+00  -6.4741212488E-06  -1.5699477156E-01  -6.7850419842E-07  -6.8060792222E-07
   13      0.0000000000E+00  -7.3150741574E-06  -1.6389324054E-01   1.3099989679E-07   5.0260063168E-07
   14      0.0000000000E+00   2.3125090073E-01  -1.0519584453E-05  -1.3987718894E-01   2.0519698488E-01
   15      0.0000000000E+00  -5.8818066687E-06  -1.5265224023E-01  -1.0490114562E-06  -1.1582896845E-08
