
$orca_hessian_file

$act_atom
  0

$act_coord
  0

$act_energy
        0.000000

$multiplicity
  1

$hessian
45
                    0                  1                  2                  3                  4        
    0      7.4726351979E-01   3.8952899107E-03   2.2254110247E-02  -1.7603469847E-01  -1.2183247803E-01
    1      3.8952899107E-03   6.7202247271E-01   1.1141773861E-02  -5.5928841314E-02  -2.9863797083E-01
    2      2.2254110247E-02   1.1141773861E-02   1.4735392642E-01  -4.8865870217E-03  -9.7910174359E-03
    3     -1.7603469847E-01  -5.5928841314E-02  -4.8865870217E-03   6.9457488648E-01  -3.4769651727E-02
    4     -1.2183247803E-01  -2.9863797083E-01  -9.7910174359E-03  -3.4769651727E-02   7.2841361334E-01
    5     -6.5926716849E-03  -8.1820121074E-03  -6.9388671648E-02   1.6897075242E-02   1.5444109991E-02
    6     -2.2973949269E-02  -7.9606643447E-02  -2.9960038848E-03  -3.4766468995E-01   2.6406291201E-02
    7     -3.1523833150E-02   2.8950667207E-02  -2.3366366216E-04  -3.9556183905E-02  -1.2628636876E-01
    8     -1.9891077459E-03  -2.7345626600E-03   9.0473813804E-03  -9.6775974514E-03  -4.8887009037E-04
    9     -3.3489479945E-04   2.6612260296E-03   4.4600537861E-04  -3.4157230763E-02   2.3905735581E-02
   10      1.7238973797E-03  -6.5210087841E-02  -1.3605412764E-03   7.0744439382E-02   3.5003054136E-02
   11      4.6109280994E-04   5.4933342132E-04  -8.3679125352E-03  -9.8033901979E-04   1.8558668593E-04
   12     -3.0616691499E-02   7.4387519321E-02  -5.6665987565E-05  -4.8678917980E-02  -2.8965321239E-02
   13      2.7991213715E-02   3.8298560021E-02   1.8826632009E-03  -3.1112419537E-02  -1.9228735507E-02
   14     -1.0189964868E-03   2.5935434506E-03   9.0105763912E-03  -1.7557494969E-03  -1.2332485617E-03
   15     -1.8952868153E-01   6.2800322861E-02  -3.3719551883E-03   6.5705864594E-02   2.7666913761E-02
   16      1.2856838463E-01  -2.8293966403E-01   6.9498797221E-04  -1.8155283997E-02  -5.6488513388E-02
   17     -1.9201472371E-03  -1.5587630867E-03  -6.9176712451E-02   1.6397485630E-03  -2.6944739669E-04
   18      1.1257720186E-02  -1.4578498949E-02  -1.9089994128E-04  -1.3693251451E-01   1.2752520205E-01
   19      1.6341318674E-02  -1.6847116234E-02  -1.3058667160E-04   1.2792024310E-01  -2.6237852253E-01
   20      6.9412671979E-04  -6.8437969626E-04   4.3158478681E-03   4.1591704718E-04  -3.0321052123E-03
   21     -5.4257918530E-03   1.2066111533E-03  -4.6458742419E-04  -9.3569225045E-03  -2.9617635093E-02
   22      6.1881128966E-05   1.6082000107E-03  -3.7315357257E-04   2.0879269602E-03   2.4388966258E-03
   23     -1.1020571687E-04  -1.7824009621E-04   7.3008206241E-03  -2.0763631226E-04  -4.4632144104E-04
   24     -4.7351450244E-03  -1.5361875350E-03  -5.8868193299E-04  -5.1240878705E-04  -6.5986605537E-04
   25     -9.8996334215E-04   1.1921754877E-03  -4.9021133265E-05  -6.3108854867E-04   3.4510644339E-04
   26     -5.0225718249E-04  -2.3859726705E-04   7.4783821255E-03   8.8519445253E-05  -5.4099722310E-05
   27      1.1179366103E-02   1.6674587296E-02   5.6643702197E-04  -1.2369716297E-03   2.9095822255E-03
   28     -1.4238839550E-02  -1.6921307488E-02  -9.3000654088E-04   3.7540491659E-03  -2.4812466889E-03
   29      7.1103559083E-05   2.0620169823E-04   4.3300655659E-03  -2.9406541958E-04  -3.7993936339E-06
   30     -3.4027096621E-01  -1.0403102147E-02  -1.0992746607E-02  -8.8047668838E-03   2.7956890429E-03
   31     -1.0333996145E-02  -5.8462999916E-02  -8.4032979816E-04  -2.8005975716E-02   3.3104198746E-03
   32     -1.0963536905E-02  -8.5873062306E-04  -4.1123380571E-02  -1.0613113682E-03   2.4200881873E-06
   33      1.2941688253E-03  -4.6750120430E-04   7.3518831051E-05   7.2294306325E-03   3.0839559821E-03
   34      6.3260715186E-04  -4.0580192170E-03  -2.2758106935E-04   4.7412608138E-03  -5.0808475254E-03
   35     -3.5215712009E-04   2.2913443757E-04  -1.1246532231E-03  -3.4030219604E-04  -4.6513813492E-04
   36     -8.8570287737E-04   1.6208872936E-03   4.8627565553E-05  -3.7377631061E-03   8.9377891731E-04
   37     -4.0201056758E-04   2.8431008838E-04   1.2201609823E-04   1.2223786236E-03   7.7921132606E-04
   38      1.7087087241E-04  -5.9569973144E-05   1.6335216660E-04  -3.6440677916E-04   6.2177674752E-04
   39     -5.8783230402E-04  -7.1811901782E-04  -5.7247083684E-05   2.5495968780E-04  -7.4567758510E-04
   40     -3.0767964850E-05   1.0700575936E-04   9.5833415952E-05  -2.0242802929E-03   8.3588581301E-04
   41      2.3793636247E-05  -3.9396210473E-04   1.3607500082E-04   7.7048545123E-04   2.9563584266E-04
   42      3.9957893192E-04   7.4464187612E-06   2.1668105616E-04  -6.4825681212E-04   1.3965694233E-03
   43      1.2229949570E-04   6.1377427018E-04  -4.7670023604E-06  -2.7966146207E-04  -5.4398232833E-04
   44     -2.2602279507E-04   1.7222435943E-04   4.4902889453E-05  -2.5097517118E-04  -7.6572340759E-04
                    5                  6                  7                  8                  9        
    0     -6.5926716849E-03  -2.2973949269E-02  -3.1523833150E-02  -1.9891077459E-03  -3.3489479945E-04
    1     -8.1820121074E-03  -7.9606643447E-02   2.8950667207E-02  -2.7345626600E-03   2.6612260296E-03
    2     -6.9388671648E-02  -2.9960038848E-03  -2.3366366216E-04   9.0473813804E-03   4.4600537861E-04
    3      1.6897075242E-02  -3.4766468995E-01  -3.9556183905E-02  -9.6775974514E-03  -3.4157230763E-02
    4      1.5444109991E-02   2.6406291201E-02  -1.2628636876E-01  -4.8887009037E-04   2.3905735581E-02
    5      1.4256002899E-01  -8.1692035930E-03  -3.1015284190E-03  -6.8390127248E-02  -7.6797420719E-04
    6     -8.1692035930E-03   6.9068247514E-01   3.0091874401E-02   1.9218191481E-02  -1.7520666750E-01
    7     -3.1015284190E-03   3.0091874401E-02   7.1807505483E-01   2.1199998475E-02   1.1362026471E-01
    8     -6.8390127248E-02   1.9218191481E-02   2.1199998475E-02   1.4358739340E-01   7.7737636950E-04
    9     -7.6797420719E-04  -1.7520666750E-01   1.1362026471E-01   7.7737636950E-04   6.3480770210E-01
   10      3.9940922790E-03   6.1325529244E-02  -2.7428780489E-01  -4.7936063558E-03  -7.4550074011E-03
   11      1.0118365971E-02   9.2536332168E-04  -7.1813047018E-04  -6.6350363058E-02   1.6689834543E-02
   12     -1.8633904489E-03   6.1130215978E-02  -1.7384353565E-02   2.3608535669E-03  -1.5988298229E-01
   13     -1.3030005016E-03   2.6719888116E-02  -5.7595053889E-02  -6.7538670710E-05  -1.0663407472E-01
   14     -7.3078744681E-03   2.3044846357E-03  -1.8564835725E-03   9.1563178365E-03  -6.2307600441E-03
   15      2.1757603381E-03  -5.3373313858E-02   2.7826006768E-02  -1.2581218865E-03  -2.6394416845E-02
   16     -1.7335149233E-03   2.6736362364E-02  -1.4693236341E-02   9.2017526415E-04  -2.8189863022E-02
   17      9.6012857216E-03  -1.3733554734E-03   8.0885284680E-04  -7.2454473531E-03  -1.3627045547E-03
   18      5.7721952389E-04  -1.1593702159E-02   2.6859649205E-02   2.8079195062E-04  -5.0820070698E-03
   19     -2.7556025942E-03  -3.9480209605E-03   5.1755890678E-03  -9.5530770284E-05  -7.1680909367E-04
   20     -3.9010260646E-02  -4.0064886204E-04   5.0367989802E-04   4.0034770069E-03  -4.6699337292E-04
   21     -1.6246968272E-03  -1.1172998798E-01  -1.0805211207E-01  -7.0708210722E-03   1.1479755653E-02
   22     -1.7588974346E-04  -1.1100310714E-01  -2.8074970469E-01  -1.4953941025E-02  -1.3092790300E-02
   23      4.9298722460E-03  -7.6041253635E-03  -1.7503786989E-02  -3.8869974762E-02  -9.7250481681E-04
   24      3.1856829852E-05  -1.4037144622E-03  -2.8173975182E-03  -3.6319324415E-04   1.1562013362E-02
   25     -2.7265083150E-05  -3.8976055264E-03  -2.8539322335E-03  -1.8779068382E-04   1.5272614316E-02
   26     -9.7344394774E-04  -3.3539626745E-04  -2.6910343011E-04   6.1285519064E-03   1.4069561561E-03
   27     -2.5832664230E-04  -5.8799019148E-04   7.2732851732E-04   2.8650551211E-05  -5.1313969655E-03
   28     -3.6188746299E-05   7.7192354948E-04   3.0386266836E-04   6.1231661357E-05   2.3819248072E-04
   29      7.0909576141E-03   2.6379282358E-06   9.6771640930E-05  -7.8785552554E-04  -5.2359714691E-04
   30     -4.4153186588E-04   6.7493579627E-04  -2.5671774942E-03  -2.8046001150E-04   6.8293336640E-04
   31     -1.0189346114E-03  -1.9498679540E-03  -4.2839848384E-03  -3.4190967738E-04   7.9128863093E-05
   32      4.8999354990E-03  -2.1345481051E-04  -3.1797383148E-04   7.2792793418E-03   9.1898562353E-05
   33      2.3091829834E-05  -2.1757702396E-02   1.6331912563E-02  -1.7971943477E-03  -1.8645154687E-01
   34      6.7561718332E-05   2.4899445531E-02   9.6529767905E-03   1.7989176570E-03  -1.1445281818E-02
   35      7.7694285428E-03   1.1739018227E-03   6.1772380863E-04   3.8182378855E-04  -1.9963816721E-03
   36      7.5179406156E-04  -4.0138157553E-03  -7.9212541376E-03  -5.4893544948E-04  -3.8960730025E-02
   37     -6.6814255229E-04  -2.0901727254E-05   2.9302647748E-03  -4.2094353843E-04   2.8059295169E-02
   38     -1.3698796439E-03  -1.6483835274E-03  -1.5618211140E-03   2.3330092380E-03  -9.9902291925E-03
   39     -2.5622066542E-04  -3.7447599170E-04  -1.2335487622E-03   3.6383261406E-04  -2.4470560829E-02
   40     -2.6054203513E-04   2.1640088862E-03  -6.8029686294E-03  -5.1269690977E-04  -1.7262812022E-02
   41     -2.5923372654E-04  -9.5027875516E-04   5.0383505377E-04  -6.8648439149E-04   2.6830170106E-03
   42     -4.7555740332E-04  -1.8076174034E-03  -4.4140747060E-03  -3.9698259069E-05  -2.4599705162E-03
   43     -2.4290122916E-04   1.3237226080E-03   2.4646389349E-03   6.1930156424E-04   9.2822713039E-04
   44     -2.7038325225E-04   6.1704282800E-05   1.8293955262E-03   4.1301843916E-04   2.2463781091E-04
                   10                 11                 12                 13                 14        
    0      1.7238973797E-03   4.6109280994E-04  -3.0616691499E-02   2.7991213715E-02  -1.0189964868E-03
    1     -6.5210087841E-02   5.4933342132E-04   7.4387519321E-02   3.8298560021E-02   2.5935434506E-03
    2     -1.3605412764E-03  -8.3679125352E-03  -5.6665987565E-05   1.8826632009E-03   9.0105763912E-03
    3      7.0744439382E-02  -9.8033901979E-04  -4.8678917980E-02  -3.1112419537E-02  -1.7557494969E-03
    4      3.5003054136E-02   1.8558668593E-04  -2.8965321239E-02  -1.9228735507E-02  -1.2332485617E-03
    5      3.9940922790E-03   1.0118365971E-02  -1.8633904489E-03  -1.3030005016E-03  -7.3078744681E-03
    6      6.1325529244E-02   9.2536332168E-04   6.1130215978E-02   2.6719888116E-02   2.3044846357E-03
    7     -2.7428780489E-01  -7.1813047018E-04  -1.7384353565E-02  -5.7595053889E-02  -1.8564835725E-03
    8     -4.7936063558E-03  -6.6350363058E-02   2.3608535669E-03  -6.7538670710E-05   9.1563178365E-03
    9     -7.4550074011E-03   1.6689834543E-02  -1.5988298229E-01  -1.0663407472E-01  -6.2307600441E-03
   10      7.0865995386E-01  -6.2880165176E-03  -5.2190014166E-02  -2.8648852924E-01  -2.7582161807E-03
   11     -6.2880165176E-03   1.5203515679E-01  -6.4979571376E-03  -4.9443334432E-03  -6.9935055324E-02
   12     -5.2190014166E-02  -6.4979571376E-03   7.1620613755E-01  -3.9361146816E-02   2.1565862729E-02
   13     -2.8648852924E-01  -4.9443334432E-03  -3.9361146816E-02   7.1307324046E-01   5.6115129077E-03
   14     -2.7582161807E-03  -6.9935055324E-02   2.1565862729E-02   5.6115129077E-03   1.4738209806E-01
   15     -7.4221198710E-02  -1.4528020572E-03  -3.5424802197E-01   2.3133383214E-02  -1.1531222089E-02
   16      2.8419067790E-02  -1.9969816814E-03  -4.2086534235E-02  -1.2967792720E-01  -2.3972439591E-03
   17     -1.0721510948E-03   9.7705250950E-03  -1.1999610982E-02  -9.8412116596E-04  -6.9471315107E-02
   18     -1.8225562264E-03  -2.1944694821E-04  -3.7068767401E-04  -7.8593054850E-04  -2.5178497407E-05
   19      1.3970753442E-03  -1.2363581354E-04  -8.6142493121E-04   1.5096616385E-04  -2.1089448850E-05
   20     -1.6053770350E-05   7.1102356602E-03  -2.2354318606E-04  -6.8326026584E-05  -8.4453962610E-04
   21      1.3723948768E-02   3.7889221570E-04  -1.7408858544E-03   2.8697484346E-03  -3.3810558856E-04
   22     -1.6316019289E-02  -9.8301314864E-04   4.2200433264E-03  -2.1928927888E-03  -2.7988454672E-04
   23      6.4586872855E-04   2.7376250118E-03  -3.0940989929E-04  -1.0651914265E-04   6.4683037188E-03
   24     -1.1574725965E-02   9.5147178019E-05  -1.4015719711E-01   1.3144977229E-01  -1.3615449782E-03
   25     -1.7668913809E-02   3.8511946189E-04   1.3007240567E-01  -2.6022049985E-01   2.4403425556E-03
   26     -5.1254792991E-04   4.2681515433E-03  -1.9945879679E-03   2.2218349921E-03  -4.0395429672E-02
   27      1.1850992100E-03  -6.4764691796E-04  -9.5946900366E-03  -2.8282499644E-02  -9.6283745659E-04
   28      1.5588728923E-03  -6.3304484639E-05   2.5427803489E-03   3.4198005972E-03   6.8895838076E-05
   29     -3.0454454361E-04   7.3915577311E-03  -1.8478097085E-04  -1.0656093679E-03   4.3378213065E-03
   30      9.7319057841E-05   3.4022037079E-05   2.8679618895E-04   3.0163627517E-03  -1.8783272084E-04
   31     -1.0730703810E-03   4.7221307414E-05   2.3163403177E-03  -4.1077288119E-03  -1.2221913477E-04
   32     -2.1124890094E-04  -7.2865708730E-04  -2.4689464473E-04   5.2852821409E-06   7.2254685468E-03
   33     -3.0892449268E-03  -4.0474777287E-03  -2.6664161336E-02  -1.9613214586E-02   1.0703507356E-04
   34     -1.0285664546E-01   1.6548148107E-05  -2.6654951638E-02   8.9232473684E-03  -1.4391190378E-03
   35     -3.1718000407E-03  -8.2355696331E-02  -3.0348383035E-03  -1.7688801647E-03   2.7843814969E-03
   36      4.3828499087E-02  -1.4623906299E-02  -1.8789874318E-04   4.2464561519E-03  -9.1964406936E-04
   37     -4.3654619610E-03   8.3196062766E-03  -5.7290249482E-03  -6.9062984198E-03  -5.3606104399E-04
   38      9.9520691891E-03   1.8667933442E-02   1.6088811159E-03   1.3388214054E-03  -3.2754744778E-04
   39     -4.0218624635E-02   9.5168923735E-03  -5.5941155224E-03   5.8925971263E-03   8.3312142340E-05
   40     -8.2036795420E-03   7.1095318003E-03  -4.6946742724E-04   3.5417511642E-03   2.4056265488E-04
   41      7.1947504079E-03   1.6416501315E-02   1.3987235831E-03  -8.4149480947E-04   1.8232094801E-03
   42     -2.0254059988E-03   3.5975080466E-04   1.1310030582E-04   4.3436932385E-04   2.7446075708E-04
   43      1.4321883981E-03  -1.4900872567E-03   1.9864470620E-04  -9.8990006204E-04  -3.0358180060E-04
   44     -1.3034982795E-03  -7.7836822820E-04  -5.2592537616E-04   8.1995384477E-05   9.3584803854E-05
                   15                 16                 17                 18                 19        
    0     -1.8952868153E-01   1.2856838463E-01  -1.9201472371E-03   1.1257720186E-02   1.6341318674E-02
    1      6.2800322861E-02  -2.8293966403E-01  -1.5587630867E-03  -1.4578498949E-02  -1.6847116234E-02
    2     -3.3719551883E-03   6.9498797221E-04  -6.9176712451E-02  -1.9089994128E-04  -1.3058667160E-04
    3      6.5705864594E-02  -1.8155283997E-02   1.6397485630E-03  -1.3693251451E-01   1.2792024310E-01
    4      2.7666913761E-02  -5.6488513388E-02  -2.6944739669E-04   1.2752520205E-01  -2.6237852253E-01
    5      2.1757603381E-03  -1.7335149233E-03   9.6012857216E-03   5.7721952389E-04  -2.7556025942E-03
    6     -5.3373313858E-02   2.6736362364E-02  -1.3733554734E-03  -1.1593702159E-02  -3.9480209605E-03
    7      2.7826006768E-02  -1.4693236341E-02   8.0885284680E-04   2.6859649205E-02   5.1755890678E-03
    8     -1.2581218865E-03   9.2017526415E-04  -7.2454473531E-03   2.8079195062E-04  -9.5530770284E-05
    9     -2.6394416845E-02  -2.8189863022E-02  -1.3627045547E-03  -5.0820070698E-03  -7.1680909367E-04
   10     -7.4221198710E-02   2.8419067790E-02  -1.0721510948E-03  -1.8225562264E-03   1.3970753442E-03
   11     -1.4528020572E-03  -1.9969816814E-03   9.7705250950E-03  -2.1944694821E-04  -1.2363581354E-04
   12     -3.5424802197E-01  -4.2086534235E-02  -1.1999610982E-02  -3.7068767401E-04  -8.6142493121E-04
   13      2.3133383214E-02  -1.2967792720E-01  -9.8412116596E-04  -7.8593054850E-04   1.5096616385E-04
   14     -1.1531222089E-02  -2.3972439591E-03  -6.9471315107E-02  -2.5178497407E-05  -2.1089448850E-05
   15      6.9474170649E-01   3.3204457419E-02   2.1565200126E-02  -8.2597007239E-04  -3.5912330313E-03
   16      3.3204457419E-02   7.3062151543E-01   1.2278744418E-02  -2.7213631592E-03  -2.9425715032E-03
   17      2.1565200126E-02   1.2278744418E-02   1.4420336754E-01  -2.6773779205E-04  -4.0477939132E-04
   18     -8.2597007239E-04  -2.7213631592E-03  -2.6773779205E-04   1.4116843431E-01  -1.3594463347E-01
   19     -3.5912330313E-03  -2.9425715032E-03  -4.0477939132E-04  -1.3594463347E-01   2.7409415751E-01
   20     -1.9224423705E-04  -3.7770896331E-04   7.0589895075E-03  -4.6039346134E-04   3.1599002300E-03
   21     -5.8863726466E-04   5.0280562346E-04   6.2726127053E-05   1.3856465406E-03   2.1248752924E-04
   22      5.7295032353E-04   3.7925514464E-04   5.5964822614E-05  -1.5297329377E-05   7.3244303387E-04
   23      1.0484638847E-04  -5.7115001223E-05  -9.2412456834E-04   2.2737005461E-04   1.2785863521E-04
   24     -1.0259003987E-02   2.5644596891E-02  -2.4451100689E-04   3.8445281835E-05   9.2692494415E-05
   25     -4.0548093160E-03   6.2316133391E-03  -1.3657921082E-04   8.5854222042E-05   2.8557560601E-06
   26     -6.1582179990E-04   9.3485354848E-04   5.2771461402E-03   2.3876213940E-05   3.3688008258E-05
   27     -1.1875872179E-01  -1.1653005393E-01  -5.1224466356E-03   3.8892358407E-04   7.6150806821E-04
   28     -1.1669098481E-01  -2.7996090663E-01  -8.7909028056E-03  -6.7344699257E-04  -8.3045369667E-04
   29     -5.2054616628E-03  -8.6766243284E-03  -4.0008705531E-02   1.2709051659E-05   3.2390794193E-05
   30     -1.0592388759E-02  -3.8533064804E-03  -6.2970750122E-04   7.8709801862E-04   1.1496364453E-04
   31      2.6873598276E-02   5.2481379924E-03   9.6304435200E-04   6.0853187043E-04   1.2691755484E-03
   32     -6.9917420709E-05  -1.3811336380E-04   4.9922970838E-03   1.7087757514E-04   1.8420335158E-04
   33      5.7791976621E-03  -2.5777345431E-03  -1.2837612437E-04   9.9896241484E-04  -5.8845094130E-04
   34     -5.5146082935E-03  -5.4614407803E-03  -4.4272313928E-04   1.3729622259E-03   2.1032644749E-04
   35      5.1834270301E-04   1.8921887624E-04   7.4974359998E-03   1.1833892789E-04  -2.1293403599E-06
   36      1.4666330831E-04   9.7060308450E-04   4.8159377934E-04  -1.0042981989E-03   9.2182653625E-05
   37      2.0988124754E-03   9.3420821737E-04  -1.5023551158E-04   3.1269602498E-04  -6.6115402436E-05
   38     -4.0204623637E-04   9.2625155179E-05  -6.7750943239E-04  -2.2524233022E-04  -1.6229826392E-05
   39     -1.8207342797E-03  -1.7945018718E-03  -6.1640980523E-04  -2.9478641864E-04   1.6404423792E-04
   40     -8.5817649734E-04   3.4887674747E-04  -4.9357228166E-04  -3.5776978780E-04   6.6654121263E-05
   41     -2.1662106593E-04   5.6432366419E-04  -9.5923560434E-04   2.5822536491E-05  -2.4848785061E-05
   42      1.6458291762E-05   2.7336689655E-04  -8.1188470352E-05   7.8735761462E-05  -5.1573906618E-05
   43      7.6262989459E-04  -1.8414790660E-05   2.0086411578E-04   1.3730679158E-04  -3.4463628036E-05
   44     -5.1008924213E-05  -3.0182214861E-04   6.2002961653E-05  -4.5713304649E-05   3.4847479824E-05
                   20                 21                 22                 23                 24        
    0      6.9412671979E-04  -5.4257918530E-03   6.1881128966E-05  -1.1020571687E-04  -4.7351450244E-03
    1     -6.8437969626E-04   1.2066111533E-03   1.6082000107E-03  -1.7824009621E-04  -1.5361875350E-03
    2      4.3158478681E-03  -4.6458742419E-04  -3.7315357257E-04   7.3008206241E-03  -5.8868193299E-04
    3      4.1591704718E-04  -9.3569225045E-03   2.0879269602E-03  -2.0763631226E-04  -5.1240878705E-04
    4     -3.0321052123E-03  -2.9617635093E-02   2.4388966258E-03  -4.4632144104E-04  -6.5986605537E-04
    5     -3.9010260646E-02  -1.6246968272E-03  -1.7588974346E-04   4.9298722460E-03   3.1856829852E-05
    6     -4.0064886204E-04  -1.1172998798E-01  -1.1100310714E-01  -7.6041253635E-03  -1.4037144622E-03
    7      5.0367989802E-04  -1.0805211207E-01  -2.8074970469E-01  -1.7503786989E-02  -2.8173975182E-03
    8      4.0034770069E-03  -7.0708210722E-03  -1.4953941025E-02  -3.8869974762E-02  -3.6319324415E-04
    9     -4.6699337292E-04   1.1479755653E-02  -1.3092790300E-02  -9.7250481681E-04   1.1562013362E-02
   10     -1.6053770350E-05   1.3723948768E-02  -1.6316019289E-02   6.4586872855E-04  -1.1574725965E-02
   11      7.1102356602E-03   3.7889221570E-04  -9.8301314864E-04   2.7376250118E-03   9.5147178019E-05
   12     -2.2354318606E-04  -1.7408858544E-03   4.2200433264E-03  -3.0940989929E-04  -1.4015719711E-01
   13     -6.8326026584E-05   2.8697484346E-03  -2.1928927888E-03  -1.0651914265E-04   1.3144977229E-01
   14     -8.4453962610E-04  -3.3810558856E-04  -2.7988454672E-04   6.4683037188E-03  -1.3615449782E-03
   15     -1.9224423705E-04  -5.8863726466E-04   5.7295032353E-04   1.0484638847E-04  -1.0259003987E-02
   16     -3.7770896331E-04   5.0280562346E-04   3.7925514464E-04  -5.7115001223E-05   2.5644596891E-02
   17      7.0589895075E-03   6.2726127053E-05   5.5964822614E-05  -9.2412456834E-04  -2.4451100689E-04
   18     -4.6039346134E-04   1.3856465406E-03  -1.5297329377E-05   2.2737005461E-04   3.8445281835E-05
   19      3.1599002300E-03   2.1248752924E-04   7.3244303387E-04   1.2785863521E-04   9.2692494415E-05
   20      2.6554824659E-02   2.7236289213E-04   3.0836972143E-04  -4.3765396350E-03   4.1427728095E-05
   21      2.7236289213E-04   1.1991862982E-01   1.1887209152E-01   6.4811071365E-03   5.3879158637E-04
   22      3.0836972143E-04   1.1887209152E-01   2.9394294342E-01   1.7102687427E-02  -7.8699301325E-04
   23     -4.3765396350E-03   6.4811071365E-03   1.7102687427E-02   2.6993503549E-02  -8.6443542177E-05
   24      4.1427728095E-05   5.3879158637E-04  -7.8699301325E-04  -8.6443542177E-05   1.4489571317E-01
   25      4.9512150217E-06   7.5447237265E-04  -8.4687035498E-04   5.5118875113E-06  -1.3999575469E-01
   26     -9.6935029386E-04  -3.4240786505E-06  -5.2440253824E-05   5.2350998015E-04   2.0515207842E-03
   27      3.8318666109E-05   6.8712563386E-05  -9.9744091168E-05   4.2636953842E-05   1.5218236144E-03
   28     -5.2891859156E-05  -1.1278820843E-04  -3.0009763550E-05   1.7935723083E-05  -1.4551754594E-04
   29      8.1612426107E-05   4.7588672146E-05   5.3396280377E-05  -1.0676263356E-03   2.6332197047E-04
   30      1.9755913534E-04  -5.3439179467E-04   1.3822581715E-04   9.6805038549E-06  -5.1510972442E-04
   31      1.6587301106E-04  -1.3328441443E-03  -2.9479443772E-05   1.0200078061E-05   1.1345830728E-03
   32     -4.2124174431E-03  -4.2637358537E-05   3.2785367557E-06  -8.4718490968E-05   3.3015305314E-05
   33      2.5102728473E-06  -3.9781784659E-04  -3.1237906674E-03   6.7675903805E-04  -5.3074707779E-04
   34      4.4538841828E-05  -1.2754474781E-04  -2.5957073118E-03   2.1427428892E-04  -1.9167468173E-03
   35      5.9529172412E-04   4.7541836949E-04   6.5958134537E-04  -3.9582448679E-03   3.7475653455E-04
   36      7.1207167572E-05   6.5521123368E-04   4.4405132249E-04  -5.7697115299E-04  -1.0709275874E-03
   37      2.1759993182E-05  -2.2542188000E-04   8.7002132397E-04   5.0206629870E-04   1.5944133771E-05
   38     -3.1451321358E-04   6.7653227601E-05  -2.4316765014E-04   4.5710725514E-04   1.6323203453E-04
   39      4.1280091487E-05  -1.9779889833E-03  -6.5021218854E-04   3.7481549058E-04   4.7581791704E-04
   40     -1.4579461676E-05   8.0623666578E-04   2.9811816468E-03  -1.8106359812E-04   1.0578826189E-03
   41     -1.4437343803E-06  -2.9698526582E-05   2.2996430377E-05  -1.2878844975E-06  -3.9791059417E-04
   42     -3.3280160230E-05  -2.2943233130E-03   2.3894939880E-03   1.9468254065E-03   1.5164883091E-04
   43      3.8516221587E-05   5.0521441118E-04  -1.9225755539E-04  -1.5823547800E-04   1.5459831874E-05
   44      8.7857395771E-06   1.7914780667E-03  -1.1399059449E-03  -1.2822584012E-04  -1.9292667507E-05
                   25                 26                 27                 28                 29        
    0     -9.8996334215E-04  -5.0225718249E-04   1.1179366103E-02  -1.4238839550E-02   7.1103559083E-05
    1      1.1921754877E-03  -2.3859726705E-04   1.6674587296E-02  -1.6921307488E-02   2.0620169823E-04
    2     -4.9021133265E-05   7.4783821255E-03   5.6643702197E-04  -9.3000654088E-04   4.3300655659E-03
    3     -6.3108854867E-04   8.8519445253E-05  -1.2369716297E-03   3.7540491659E-03  -2.9406541958E-04
    4      3.4510644339E-04  -5.4099722310E-05   2.9095822255E-03  -2.4812466889E-03  -3.7993936339E-06
    5     -2.7265083150E-05  -9.7344394774E-04  -2.5832664230E-04  -3.6188746299E-05   7.0909576141E-03
    6     -3.8976055264E-03  -3.3539626745E-04  -5.8799019148E-04   7.7192354948E-04   2.6379282358E-06
    7     -2.8539322335E-03  -2.6910343011E-04   7.2732851732E-04   3.0386266836E-04   9.6771640930E-05
    8     -1.8779068382E-04   6.1285519064E-03   2.8650551211E-05   6.1231661357E-05  -7.8785552554E-04
    9      1.5272614316E-02   1.4069561561E-03  -5.1313969655E-03   2.3819248072E-04  -5.2359714691E-04
   10     -1.7668913809E-02  -5.1254792991E-04   1.1850992100E-03   1.5588728923E-03  -3.0454454361E-04
   11      3.8511946189E-04   4.2681515433E-03  -6.4764691796E-04  -6.3304484639E-05   7.3915577311E-03
   12      1.3007240567E-01  -1.9945879679E-03  -9.5946900366E-03   2.5427803489E-03  -1.8478097085E-04
   13     -2.6022049985E-01   2.2218349921E-03  -2.8282499644E-02   3.4198005972E-03  -1.0656093679E-03
   14      2.4403425556E-03  -4.0395429672E-02  -9.6283745659E-04   6.8895838076E-05   4.3378213065E-03
   15     -4.0548093160E-03  -6.1582179990E-04  -1.1875872179E-01  -1.1669098481E-01  -5.2054616628E-03
   16      6.2316133391E-03   9.3485354848E-04  -1.1653005393E-01  -2.7996090663E-01  -8.6766243284E-03
   17     -1.3657921082E-04   5.2771461402E-03  -5.1224466356E-03  -8.7909028056E-03  -4.0008705531E-02
   18      8.5854222042E-05   2.3876213940E-05   3.8892358407E-04  -6.7344699257E-04   1.2709051659E-05
   19      2.8557560601E-06   3.3688008258E-05   7.6150806821E-04  -8.3045369667E-04   3.2390794193E-05
   20      4.9512150217E-06  -9.6935029386E-04   3.8318666109E-05  -5.2891859156E-05   8.1612426107E-05
   21      7.5447237265E-04  -3.4240786505E-06   6.8712563386E-05  -1.1278820843E-04   4.7588672146E-05
   22     -8.4687035498E-04  -5.2440253824E-05  -9.9744091168E-05  -3.0009763550E-05   5.3396280377E-05
   23      5.5118875113E-06   5.2350998015E-04   4.2636953842E-05   1.7935723083E-05  -1.0676263356E-03
   24     -1.3999575469E-01   2.0515207842E-03   1.5218236144E-03  -1.4551754594E-04   2.6332197047E-04
   25      2.7206611326E-01  -2.9245691571E-03   2.9351901691E-04   6.1078254044E-04   4.9041550763E-05
   26     -2.9245691571E-03   2.7066120003E-02   2.3735020030E-04   8.4577655521E-05  -4.5030166627E-03
   27      2.9351901691E-04   2.3735020030E-04   1.2162682762E-01   1.2439210826E-01   5.8370954592E-03
   28      6.1078254044E-04   8.4577655521E-05   1.2439210826E-01   2.9299144799E-01   9.5629178823E-03
   29      4.9041550763E-05  -4.5030166627E-03   5.8370954592E-03   9.5629178823E-03   2.7103503996E-02
   30     -2.6195168930E-04  -9.0939414787E-06   8.4081049026E-04  -1.5165572737E-04   1.7221327038E-04
   31      1.8361425664E-04   4.0834700754E-05  -6.4615315101E-04   1.2255282508E-03   7.6720883076E-05
   32      3.1369780870E-06  -1.4826999152E-04   1.6224466052E-04   1.0468621081E-04  -4.1429583493E-03
   33      2.8948096355E-03  -4.5392527886E-04   8.6444841039E-04   6.0780665654E-04   5.5127690049E-05
   34     -2.8851351548E-03   3.9308496330E-05  -1.5397066683E-03   8.2132102015E-05   5.4855434595E-05
   35      9.2609537077E-04  -3.9844141229E-03   5.4218534957E-05   4.1699447045E-05   3.4770823020E-04
   36      4.1736593655E-04  -3.0922133479E-04  -3.3816799048E-04  -2.4027871217E-04  -9.5514491472E-05
   37      2.9458208169E-03   1.0733029309E-04   3.5130166122E-04   7.1127351830E-05  -2.7536487159E-05
   38     -1.5810780693E-04   3.3044629270E-05  -6.8965153202E-05  -3.5935817560E-05   4.6184944473E-05
   39     -1.0974534353E-04   3.4172170508E-04  -8.7000878930E-04  -9.4847688132E-05  -1.1053347062E-04
   40      8.4926149045E-04   6.6794808111E-04  -3.5043699321E-04  -7.2725953900E-05  -1.1455336518E-04
   41     -2.2600552283E-04   2.5338091821E-04   1.7429263624E-04  -8.1337377644E-06  -2.1008121055E-04
   42      1.7213508706E-04   8.1082947742E-05   2.7035007300E-05   4.5756012687E-05  -4.9752184398E-05
   43      4.8008009612E-05  -7.9279926665E-05   1.4930298490E-04   3.3095824336E-05   5.6679679925E-05
   44     -1.0459851035E-04  -5.4362555874E-05  -7.9114133192E-05  -2.0888784682E-05  -9.1681998714E-06
                   30                 31                 32                 33                 34        
    0     -3.4027096621E-01  -1.0333996145E-02  -1.0963536905E-02   1.2941688253E-03   6.3260715186E-04
    1     -1.0403102147E-02  -5.8462999916E-02  -8.5873062306E-04  -4.6750120430E-04  -4.0580192170E-03
    2     -1.0992746607E-02  -8.4032979816E-04  -4.1123380571E-02   7.3518831051E-05  -2.2758106935E-04
    3     -8.8047668838E-03  -2.8005975716E-02  -1.0613113682E-03   7.2294306325E-03   4.7412608138E-03
    4      2.7956890429E-03   3.3104198746E-03   2.4200881873E-06   3.0839559821E-03  -5.0808475254E-03
    5     -4.4153186588E-04  -1.0189346114E-03   4.8999354990E-03   2.3091829834E-05   6.7561718332E-05
    6      6.7493579627E-04  -1.9498679540E-03  -2.1345481051E-04  -2.1757702396E-02   2.4899445531E-02
    7     -2.5671774942E-03  -4.2839848384E-03  -3.1797383148E-04   1.6331912563E-02   9.6529767905E-03
    8     -2.8046001150E-04  -3.4190967738E-04   7.2792793418E-03  -1.7971943477E-03   1.7989176570E-03
    9      6.8293336640E-04   7.9128863093E-05   9.1898562353E-05  -1.8645154687E-01  -1.1445281818E-02
   10      9.7319057841E-05  -1.0730703810E-03  -2.1124890094E-04  -3.0892449268E-03  -1.0285664546E-01
   11      3.4022037079E-05   4.7221307414E-05  -7.2865708730E-04  -4.0474777287E-03   1.6548148107E-05
   12      2.8679618895E-04   2.3163403177E-03  -2.4689464473E-04  -2.6664161336E-02  -2.6654951638E-02
   13      3.0163627517E-03  -4.1077288119E-03   5.2852821409E-06  -1.9613214586E-02   8.9232473684E-03
   14     -1.8783272084E-04  -1.2221913477E-04   7.2254685468E-03   1.0703507356E-04  -1.4391190378E-03
   15     -1.0592388759E-02   2.6873598276E-02  -6.9917420709E-05   5.7791976621E-03  -5.5146082935E-03
   16     -3.8533064804E-03   5.2481379924E-03  -1.3811336380E-04  -2.5777345431E-03  -5.4614407803E-03
   17     -6.2970750122E-04   9.6304435200E-04   4.9922970838E-03  -1.2837612437E-04  -4.4272313928E-04
   18      7.8709801862E-04   6.0853187043E-04   1.7087757514E-04   9.9896241484E-04   1.3729622259E-03
   19      1.1496364453E-04   1.2691755484E-03   1.8420335158E-04  -5.8845094130E-04   2.1032644749E-04
   20      1.9755913534E-04   1.6587301106E-04  -4.2124174431E-03   2.5102728473E-06   4.4538841828E-05
   21     -5.3439179467E-04  -1.3328441443E-03  -4.2637358537E-05  -3.9781784659E-04  -1.2754474781E-04
   22      1.3822581715E-04  -2.9479443772E-05   3.2785367557E-06  -3.1237906674E-03  -2.5957073118E-03
   23      9.6805038549E-06   1.0200078061E-05  -8.4718490968E-05   6.7675903805E-04   2.1427428892E-04
   24     -5.1510972442E-04   1.1345830728E-03   3.3015305314E-05  -5.3074707779E-04  -1.9167468173E-03
   25     -2.6195168930E-04   1.8361425664E-04   3.1369780870E-06   2.8948096355E-03  -2.8851351548E-03
   26     -9.0939414787E-06   4.0834700754E-05  -1.4826999152E-04  -4.5392527886E-04   3.9308496330E-05
   27      8.4081049026E-04  -6.4615315101E-04   1.6224466052E-04   8.6444841039E-04  -1.5397066683E-03
   28     -1.5165572737E-04   1.2255282508E-03   1.0468621081E-04   6.0780665654E-04   8.2132102015E-05
   29      1.7221327038E-04   7.6720883076E-05  -4.1429583493E-03   5.5127690049E-05   5.4855434595E-05
   30      3.5744012933E-01   1.1077983791E-02   1.2139007894E-02   2.8910216363E-04   3.4714752148E-06
   31      1.1077983791E-02   5.6536232695E-02   1.0533891963E-03   1.0562886900E-05  -1.7912486704E-04
   32      1.2139007894E-02   1.0533891963E-03   2.7081532813E-02  -7.3031478741E-06   1.0796529154E-05
   33      2.8910216363E-04   1.0562886900E-05  -7.3031478741E-06   6.8749726908E-01  -1.8627610125E-01
   34      3.4714752148E-06  -1.7912486704E-04   1.0796529154E-05  -1.8627610125E-01   8.3166077632E-01
   35      6.4525755792E-05   1.0138378973E-04  -1.2541914924E-03   7.9493331343E-02  -1.8269970624E-01
   36     -2.2139450774E-04   2.0254792244E-05  -1.0848052151E-04  -3.0066012080E-01   2.7257318229E-01
   37      2.9003830737E-05   2.0292432600E-04   7.3825660994E-05   2.7600617789E-01  -4.8837692606E-01
   38     -4.6514511658E-05  -3.5124853042E-05   1.4653778874E-04  -9.2107238954E-02   1.3045515180E-01
   39     -1.8294740991E-04  -2.1401141479E-05   7.9834308980E-05  -1.8477379216E-01  -5.9678382417E-02
   40     -6.8102725967E-05   1.7749070356E-04   6.5920231019E-05  -1.0822912103E-01  -2.0618936110E-01
   41      3.0721135799E-05  -2.5728690142E-05   6.2483301873E-05   2.6390679324E-02   4.6541283024E-02
   42      1.2015993543E-04   1.6719542810E-04   3.5388612870E-05   1.7283309296E-02  -1.1066549557E-02
   43      3.4335806752E-05  -1.7135389134E-05   1.9648258177E-05   2.5026877253E-02  -3.2846251554E-02
   44     -5.8573313893E-05  -7.4944157493E-05   7.0590504514E-06  -8.2990628129E-03   5.5927967216E-03
                   35                 36                 37                 38                 39        
    0     -3.5215712009E-04  -8.8570287737E-04  -4.0201056758E-04   1.7087087241E-04  -5.8783230402E-04
    1      2.2913443757E-04   1.6208872936E-03   2.8431008838E-04  -5.9569973144E-05  -7.1811901782E-04
    2     -1.1246532231E-03   4.8627565553E-05   1.2201609823E-04   1.6335216660E-04  -5.7247083684E-05
    3     -3.4030219604E-04  -3.7377631061E-03   1.2223786236E-03  -3.6440677916E-04   2.5495968780E-04
    4     -4.6513813492E-04   8.9377891731E-04   7.7921132606E-04   6.2177674752E-04  -7.4567758510E-04
    5      7.7694285428E-03   7.5179406156E-04  -6.6814255229E-04  -1.3698796439E-03  -2.5622066542E-04
    6      1.1739018227E-03  -4.0138157553E-03  -2.0901727254E-05  -1.6483835274E-03  -3.7447599170E-04
    7      6.1772380863E-04  -7.9212541376E-03   2.9302647748E-03  -1.5618211140E-03  -1.2335487622E-03
    8      3.8182378855E-04  -5.4893544948E-04  -4.2094353843E-04   2.3330092380E-03   3.6383261406E-04
    9     -1.9963816721E-03  -3.8960730025E-02   2.8059295169E-02  -9.9902291925E-03  -2.4470560829E-02
   10     -3.1718000407E-03   4.3828499087E-02  -4.3654619610E-03   9.9520691891E-03  -4.0218624635E-02
   11     -8.2355696331E-02  -1.4623906299E-02   8.3196062766E-03   1.8667933442E-02   9.5168923735E-03
   12     -3.0348383035E-03  -1.8789874318E-04  -5.7290249482E-03   1.6088811159E-03  -5.5941155224E-03
   13     -1.7688801647E-03   4.2464561519E-03  -6.9062984198E-03   1.3388214054E-03   5.8925971263E-03
   14      2.7843814969E-03  -9.1964406936E-04  -5.3606104399E-04  -3.2754744778E-04   8.3312142340E-05
   15      5.1834270301E-04   1.4666330831E-04   2.0988124754E-03  -4.0204623637E-04  -1.8207342797E-03
   16      1.8921887624E-04   9.7060308450E-04   9.3420821737E-04   9.2625155179E-05  -1.7945018718E-03
   17      7.4974359998E-03   4.8159377934E-04  -1.5023551158E-04  -6.7750943239E-04  -6.1640980523E-04
   18      1.1833892789E-04  -1.0042981989E-03   3.1269602498E-04  -2.2524233022E-04  -2.9478641864E-04
   19     -2.1293403599E-06   9.2182653625E-05  -6.6115402436E-05  -1.6229826392E-05   1.6404423792E-04
   20      5.9529172412E-04   7.1207167572E-05   2.1759993182E-05  -3.1451321358E-04   4.1280091487E-05
   21      4.7541836949E-04   6.5521123368E-04  -2.2542188000E-04   6.7653227601E-05  -1.9779889833E-03
   22      6.5958134537E-04   4.4405132249E-04   8.7002132397E-04  -2.4316765014E-04  -6.5021218854E-04
   23     -3.9582448679E-03  -5.7697115299E-04   5.0206629870E-04   4.5710725514E-04   3.7481549058E-04
   24      3.7475653455E-04  -1.0709275874E-03   1.5944133771E-05   1.6323203453E-04   4.7581791704E-04
   25      9.2609537077E-04   4.1736593655E-04   2.9458208169E-03  -1.5810780693E-04  -1.0974534353E-04
   26     -3.9844141229E-03  -3.0922133479E-04   1.0733029309E-04   3.3044629270E-05   3.4172170508E-04
   27      5.4218534957E-05  -3.3816799048E-04   3.5130166122E-04  -6.8965153202E-05  -8.7000878930E-04
   28      4.1699447045E-05  -2.4027871217E-04   7.1127351830E-05  -3.5935817560E-05  -9.4847688132E-05
   29      3.4770823020E-04  -9.5514491472E-05  -2.7536487159E-05   4.6184944473E-05  -1.1053347062E-04
   30      6.4525755792E-05  -2.2139450774E-04   2.9003830737E-05  -4.6514511658E-05  -1.8294740991E-04
   31      1.0138378973E-04   2.0254792244E-05   2.0292432600E-04  -3.5124853042E-05  -2.1401141479E-05
   32     -1.2541914924E-03  -1.0848052151E-04   7.3825660994E-05   1.4653778874E-04   7.9834308980E-05
   33      7.9493331343E-02  -3.0066012080E-01   2.7600617789E-01  -9.2107238954E-02  -1.8477379216E-01
   34     -1.8269970624E-01   2.7257318229E-01  -4.8837692606E-01   1.3045515180E-01  -5.9678382417E-02
   35      2.6589630330E-01  -9.0985563141E-02   1.3238142652E-01  -1.1864673140E-01   7.1703031717E-03
   36     -9.0985563141E-02   3.1415043042E-01  -3.1203299053E-01   1.0429856279E-01   3.5953775699E-02
   37      1.3238142652E-01  -3.1203299053E-01   5.9723467377E-01  -1.7906966265E-01   1.8281948990E-02
   38     -1.1864673140E-01   1.0429856279E-01  -1.7906966265E-01   9.0145527525E-02  -2.8818318898E-03
   39      7.1703031717E-03   3.5953775699E-02   1.8281948990E-02  -2.8818318898E-03   4.2168173042E-01
   40      4.0201027032E-02   4.3479512074E-04  -1.0422443247E-01   3.6184383394E-02  -9.5616973331E-02
   41     -6.4185271267E-02   1.1050461347E-03   3.7490297600E-02   2.7593851925E-03   8.2804068314E-02
   42      7.2846302604E-03   1.7473892290E-04  -7.9133792473E-03   1.3828388491E-03  -2.3741904104E-01
   43      1.2733460125E-02  -5.4013631849E-03  -2.3133276867E-03   2.5625724535E-03   1.7656247485E-01
   44     -9.7631703764E-03   1.4542246521E-03   1.8264725891E-03   6.5840989602E-03  -9.6833805714E-02
                   40                 41                 42                 43                 44        
    0     -3.0767964850E-05   2.3793636247E-05   3.9957893192E-04   1.2229949570E-04  -2.2602279507E-04
    1      1.0700575936E-04  -3.9396210473E-04   7.4464187612E-06   6.1377427018E-04   1.7222435943E-04
    2      9.5833415952E-05   1.3607500082E-04   2.1668105616E-04  -4.7670023604E-06   4.4902889453E-05
    3     -2.0242802929E-03   7.7048545123E-04  -6.4825681212E-04  -2.7966146207E-04  -2.5097517118E-04
    4      8.3588581301E-04   2.9563584266E-04   1.3965694233E-03  -5.4398232833E-04  -7.6572340759E-04
    5     -2.6054203513E-04  -2.5923372654E-04  -4.7555740332E-04  -2.4290122916E-04  -2.7038325225E-04
    6      2.1640088862E-03  -9.5027875516E-04  -1.8076174034E-03   1.3237226080E-03   6.1704282800E-05
    7     -6.8029686294E-03   5.0383505377E-04  -4.4140747060E-03   2.4646389349E-03   1.8293955262E-03
    8     -5.1269690977E-04  -6.8648439149E-04  -3.9698259069E-05   6.1930156424E-04   4.1301843916E-04
    9     -1.7262812022E-02   2.6830170106E-03  -2.4599705162E-03   9.2822713039E-04   2.2463781091E-04
   10     -8.2036795420E-03   7.1947504079E-03  -2.0254059988E-03   1.4321883981E-03  -1.3034982795E-03
   11      7.1095318003E-03   1.6416501315E-02   3.5975080466E-04  -1.4900872567E-03  -7.7836822820E-04
   12     -4.6946742724E-04   1.3987235831E-03   1.1310030582E-04   1.9864470620E-04  -5.2592537616E-04
   13      3.5417511642E-03  -8.4149480947E-04   4.3436932385E-04  -9.8990006204E-04   8.1995384477E-05
