
$orca_hessian_file

$act_atom
  0

$act_coord
  0

$act_energy
        0.000000

$multiplicity
  1

$hessian
12
                    0                  1                  2                  3                  4        
    0      3.0924790879E-01   5.6112129887E-01   2.4021728124E-03  -2.2094878670E-01  -4.1435635091E-01
    1      5.6112129887E-01   1.2820328951E+00   5.2648002127E-03  -4.1434790517E-01  -9.3935477969E-01
    2      2.4021728124E-03   5.2648002127E-03   5.2973046569E-02  -1.7752216458E-03  -3.8895036429E-03
    3     -2.2094878670E-01  -4.1434790517E-01  -1.7752216458E-03   3.0920892155E-01   5.6109509512E-01
    4     -4.1435635091E-01  -9.3935477969E-01  -3.8895036429E-03   5.6109509512E-01   1.2820905616E+00
    5     -1.7750886927E-03  -3.8891334032E-03  -3.1696939503E-02   2.4010211077E-03   5.2626550791E-03
    6      4.8926426680E-03   5.4948632722E-04   2.5327823731E-06  -9.3153410582E-02  -1.4728672112E-01
    7      5.5103717710E-04   5.8603218578E-03   5.5134900575E-06  -1.4730106048E-01  -3.4859499778E-01
    8      1.7412514338E-06   3.7657951790E-06   4.6506000430E-03  -6.2763291721E-04  -1.3771476904E-03
    9     -9.3191764752E-02  -1.4731663575E-01  -6.2942367037E-04   4.8932757381E-03   5.5359113361E-04
   10     -1.4732222940E-01  -3.4853843723E-01  -1.3807367003E-03   5.4825632082E-04   5.8592158949E-03
   11     -6.2888564975E-04  -1.3795059643E-03  -2.5926707109E-02   1.7857446692E-06   3.9442313811E-06
                    5                  6                  7                  8                  9        
    0     -1.7750886927E-03   4.8926426680E-03   5.5103717710E-04   1.7412514338E-06  -9.3191764752E-02
    1     -3.8891334032E-03   5.4948632722E-04   5.8603218578E-03   3.7657951790E-06  -1.4731663575E-01
    2     -3.1696939503E-02   2.5327823731E-06   5.5134900575E-06   4.6506000430E-03  -6.2942367037E-04
    3      2.4010211077E-03  -9.3153410582E-02  -1.4730106048E-01  -6.2763291721E-04   4.8932757381E-03
    4      5.2626550791E-03  -1.4728672112E-01  -3.4859499778E-01  -1.3771476904E-03   5.5359113361E-04
    5      5.2970504746E-02  -6.2832025071E-04  -1.3787864139E-03  -2.5924016573E-02   2.4355462683E-06
    6     -6.2832025071E-04   8.4021625190E-02   1.4868582958E-01   6.3415547129E-04   4.2391427239E-03
    7     -1.3787864139E-03   1.4868582958E-01   3.4186902657E-01   1.3915267991E-03  -1.9417330518E-03
    8     -2.5924016573E-02   6.3415547129E-04   1.3915267991E-03   1.6149701093E-02  -8.3212807097E-06
    9      2.4355462683E-06   4.2391427239E-03  -1.9417330518E-03  -8.3212807097E-06   8.4059346290E-02
   10      5.3167608796E-06  -1.9426680145E-03   8.6564935348E-04  -1.8215298746E-05   1.4871070939E-01
   11      4.6504513309E-03  -8.3105277572E-06  -1.8183480496E-05   5.1237154373E-03   6.3535991883E-04
                   10                 11        
     0     -1.4732222940E-01  -6.2888564975E-04
     1     -3.4853843723E-01  -1.3795059643E-03
     2     -1.3807367003E-03  -2.5926707109E-02
     3      5.4825632082E-04   1.7857446692E-06
     4      5.8592158949E-03   3.9442313811E-06
     5      5.3167608796E-06   4.6504513309E-03
     6     -1.9426680145E-03  -8.3105277572E-06
     7      8.6564935348E-04  -1.8183480496E-05
     8     -1.8215298746E-05   5.1237154373E-03
     9      1.4871070939E-01   6.3535991883E-04
    10      3.4181357199E-01   1.3936902257E-03
    11      1.3936902257E-03   1.6152540341E-02

$vibrational_frequencies
12
    0        0.0000000000000000
    1        0.0000000000000000
    2        0.0000000000000000
    3        0.0000000000000000
    4        0.0000000000000000
    5        0.0000000000000000
    6      689.4960622657412159
    7      689.6342084751223638
    8      777.5155516338463713
    9     2068.4421902578719710
   10     3412.0495599766027226
   11     3511.4593780370573768

$normal_modes
12 12
                    0                  1                  2                  3                  4        
    0      0.0000000000E+00   0.0000000000E+00   0.0000000000E+00   0.0000000000E+00   0.0000000000E+00
    1      0.0000000000E+00   0.0000000000E+00   0.0000000000E+00   0.0000000000E+00   0.0000000000E+00
    2      0.0000000000E+00   0.0000000000E+00   0.0000000000E+00   0.0000000000E+00   0.0000000000E+00
    3      0.0000000000E+00   0.0000000000E+00   0.0000000000E+00   0.0000000000E+00   0.0000000000E+00
    4      0.0000000000E+00   0.0000000000E+00   0.0000000000E+00   0.0000000000E+00   0.0000000000E+00
    5      0.0000000000E+00   0.0000000000E+00   0.0000000000E+00   0.0000000000E+00   0.0000000000E+00
    6      0.0000000000E+00   0.0000000000E+00   0.0000000000E+00   0.0000000000E+00   0.0000000000E+00
    7      0.0000000000E+00   0.0000000000E+00   0.0000000000E+00   0.0000000000E+00   0.0000000000E+00
    8      0.0000000000E+00   0.0000000000E+00   0.0000000000E+00   0.0000000000E+00   0.0000000000E+00
    9      0.0000000000E+00   0.0000000000E+00   0.0000000000E+00   0.0000000000E+00   0.0000000000E+00
   10      0.0000000000E+00   0.0000000000E+00   0.0000000000E+00   0.0000000000E+00   0.0000000000E+00
   11      0.0000000000E+00   0.0000000000E+00   0.0000000000E+00   0.0000000000E+00   0.0000000000E+00
                    5                  6                  7                  8                  9        
    0      0.0000000000E+00   4.3162682954E-02   1.3946599633E-01   5.3758939486E-02   1.4815671759E-01
    1      0.0000000000E+00  -1.9055874747E-02  -6.3867454055E-02  -2.4558464386E-02   3.2452192870E-01
    2      0.0000000000E+00  -1.5196384513E-01   4.5062680115E-02   2.8924248873E-03   1.3881920379E-03
    3      0.0000000000E+00  -4.3298913763E-02  -1.3931380886E-01   5.3689466670E-02  -1.4816219834E-01
    4      0.0000000000E+00   1.9103990776E-02   6.3806658275E-02  -2.4523955024E-02  -3.2452106736E-01
    5      0.0000000000E+00   1.5471284694E-01  -4.9230445259E-02   2.8870765813E-03  -1.3883936948E-03
    6      0.0000000000E+00   1.8629920420E-01   5.9716886775E-01  -6.4003074167E-01  -2.5354241052E-01
    7      0.0000000000E+00  -8.2161357961E-02  -2.7356093417E-01   2.9231249963E-01  -5.5536690673E-01
    8      0.0000000000E+00  -6.7431003747E-01   2.2712354624E-01  -3.4422115620E-02  -2.3714886355E-03
    9      0.0000000000E+00  -1.8467592220E-01  -5.9898228412E-01  -6.4028950271E-01   2.5360771744E-01
   10      0.0000000000E+00   8.1588023010E-02   2.7428535691E-01   2.9253763879E-01   5.5535664328E-01
   11      0.0000000000E+00   6.4155382643E-01  -1.7746181296E-01  -3.4444543249E-02   2.3738915127E-03
                   10                 11        
     0     -2.4580199451E-02   4.1741349211E-02
     1     -5.3828494969E-02   9.1418929575E-02
     2     -2.3029272855E-04   3.9112390549E-04
     3     -2.4540087667E-02  -4.1756187847E-02
     4     -5.3756964270E-02  -9.1470210741E-02
     5     -2.2964144798E-04  -3.9092469282E-04
     6      2.9249422201E-01   2.9077666352E-01
     7      6.4074755849E-01   6.3700608608E-01
     8      2.7368381242E-03   2.7206707319E-03
     9      2.9280713571E-01  -2.9059985115E-01
    10      6.4120576584E-01  -6.3639503639E-01
    11      2.7435878621E-03  -2.7230444852E-03

#
# The atoms: label  mass x y z (in bohrs)
#
$atoms
4
 C     12.01100     -0.474524941849    -1.039375216356    -0.004444582053
 C     12.01100      0.474546181813     1.039366959387     0.004445700424
 H      1.00800      1.317701469611     2.886464528445     0.012333807240
 H      1.00800     -1.317954558119    -2.886366141093    -0.012347133383

$actual_temperature
  0.000000

$frequency_scale_factor
  1.000000

$dipole_derivatives
12
   -1.9982668754E-01   -7.2398327616E-03   -3.2339450094E-05
   -7.0736841458E-03   -2.1202377394E-01   -6.7926510273E-05
   -3.2245926954E-05   -6.9313653081E-05   -1.9634500060E-01
   -1.9986068534E-01   -7.2999328201E-03   -3.2861901794E-05
   -7.0746030896E-03   -2.1199663339E-01   -6.8398419574E-05
   -3.3768551688E-05   -7.2546373308E-05   -1.9634547470E-01
    1.9983669892E-01    7.2145482092E-03    3.1968955945E-05
    7.0679103720E-03    2.1209296709E-01    6.8533103737E-05
    3.0782400761E-05    6.7352745811E-05    1.9639321870E-01
    1.9983354381E-01    7.1919459499E-03    3.2167036543E-05
    7.0828901232E-03    2.1209695868E-01    6.9197819311E-05
    3.0335554007E-05    6.6247999103E-05    1.9639417144E-01

#
# The IR spectrum
#  wavenumber eps Int TX TY TZ
#
$ir_spectrum
12
      0.00   0.00000000   0.00000000     0.000000     0.000000     0.000000
      0.00   0.00000000   0.00000000     0.000000     0.000000     0.000000
      0.00   0.00000000   0.00000000     0.000000     0.000000     0.000000
      0.00   0.00000000   0.00000000     0.000000     0.000000     0.000000
      0.00   0.00000000   0.00000000     0.000000     0.000000     0.000000
      0.00   0.00000000   0.00000000     0.000000     0.000000     0.000000
    689.50   0.00000597   0.03018097     0.000082    -0.000027    -0.001642
    689.63   0.00001372   0.06931414    -0.000088     0.000043     0.002489
    777.52   0.01602787  80.99831022    -0.072887     0.033243    -0.003916
   2068.44   0.00000000   0.00000019     0.000002    -0.000000     0.000000
   3412.05   0.01924405  97.25151986     0.017421     0.038165     0.000164
   3511.46   0.00000000   0.00001789     0.000004     0.000017    -0.000000


$end

