
$orca_hessian_file

$act_atom
  0

$act_coord
  0

$act_energy
        0.000000

$multiplicity
  1

$hessian
12
                    0                  1                  2                  3                  4        
    0      5.7655571937E-01  -1.0530563514E-02  -4.8954367060E-02  -2.3887287137E-01  -6.4771641348E-02
    1     -1.0530563514E-02   8.8323347528E-01  -2.9519189430E-01  -6.1606160412E-02  -8.4717711650E-02
    2     -4.8954367060E-02  -2.9519189430E-01   3.0602850024E-01   4.9953152996E-02   1.9586505943E-02
    3     -2.3887287137E-01  -6.1606160412E-02   4.9953152996E-02   2.3969017139E-01   8.6170946649E-02
    4     -6.4771641348E-02  -8.4717711650E-02   1.9586505943E-02   8.6170946649E-02   1.0185779092E-01
    5      5.1355562988E-02   1.9197671260E-02  -7.3550426861E-02  -6.5618610517E-02  -4.6054411784E-02
    6     -1.0567170746E-01  -1.1702145869E-02   1.1162979968E-02   1.5485850035E-02  -3.3943053445E-02
    7     -1.1766842612E-02  -6.9374260696E-01   2.6780216638E-01  -1.6490243167E-02  -2.7970875890E-02
    8      1.1200626667E-02   2.6778217896E-01  -1.7209560770E-01   7.4588378916E-03   2.4437273491E-02
    9     -2.3201114054E-01   8.3886577458E-02  -1.2181699758E-02  -1.6303150062E-02   1.2545907182E-02
   10      8.7021339810E-02  -1.0477315667E-01   7.7826408086E-03  -8.0767021082E-03   1.0830796623E-02
   11     -1.3581888741E-02   8.2326252520E-03  -6.0382465670E-02   8.2045165088E-03   2.0278269035E-03
                    5                  6                  7                  8                  9        
    0      5.1355562988E-02  -1.0567170746E-01  -1.1766842612E-02   1.1200626667E-02  -2.3201114054E-01
    1      1.9197671260E-02  -1.1702145869E-02  -6.9374260696E-01   2.6778217896E-01   8.3886577458E-02
    2     -7.3550426861E-02   1.1162979968E-02   2.6780216638E-01  -1.7209560770E-01  -1.2181699758E-02
    3     -6.5618610517E-02   1.5485850035E-02  -1.6490243167E-02   7.4588378916E-03  -1.6303150062E-02
    4     -4.6054411784E-02  -3.3943053445E-02  -2.7970875890E-02   2.4437273491E-02   1.2545907182E-02
    5      4.7566669364E-02   1.4759677829E-02   2.2089285321E-02   8.2729868124E-03  -4.9452717902E-04
    6      1.4759677829E-02   7.2416178022E-02   1.3738241897E-02  -1.2786574940E-02   1.7769679402E-02
    7      2.2089285321E-02   1.3738241897E-02   7.5624568780E-01  -3.1061377870E-01   1.4474321713E-02
    8      8.2729868124E-03  -1.2786574940E-02  -3.1061377870E-01   1.5125122192E-01  -5.8498076493E-03
    9     -4.9452717902E-04   1.7769679402E-02   1.4474321713E-02  -5.8498076493E-03   2.3054461120E-01
   10      4.7702606498E-03   3.1951479587E-02  -3.4532204953E-02   1.8406807978E-02  -1.1090146182E-01
   11      1.7710770685E-02  -1.3159164826E-02   2.0709845277E-02   1.2571398968E-02   1.8531285822E-02
                   10                 11        
     0      8.7021339810E-02  -1.3581888741E-02
     1     -1.0477315667E-01   8.2326252520E-03
     2      7.7826408086E-03  -6.0382465670E-02
     3     -8.0767021082E-03   8.2045165088E-03
     4      1.0830796623E-02   2.0278269035E-03
     5      4.7702606498E-03   1.7710770685E-02
     6      3.1951479587E-02  -1.3159164826E-02
     7     -3.4532204953E-02   2.0709845277E-02
     8      1.8406807978E-02   1.2571398968E-02
     9     -1.1090146182E-01   1.8531285822E-02
    10      1.2847456500E-01  -3.0965003434E-02
    11     -3.0965003434E-02   3.0100296018E-02

$vibrational_frequencies
12
    0        0.0000000000000000
    1        0.0000000000000000
    2        0.0000000000000000
    3        0.0000000000000000
    4        0.0000000000000000
    5        0.0000000000000000
    6     1202.3999492569178074
    7     1260.5352263163961197
    8     1520.1123396623308963
    9     1829.5353696841191322
   10     2898.8859406546034734
   11     2968.5624111341398930

$normal_modes
12 12
                    0                  1                  2                  3                  4        
    0      0.0000000000E+00   0.0000000000E+00   0.0000000000E+00   0.0000000000E+00   0.0000000000E+00
    1      0.0000000000E+00   0.0000000000E+00   0.0000000000E+00   0.0000000000E+00   0.0000000000E+00
    2      0.0000000000E+00   0.0000000000E+00   0.0000000000E+00   0.0000000000E+00   0.0000000000E+00
    3      0.0000000000E+00   0.0000000000E+00   0.0000000000E+00   0.0000000000E+00   0.0000000000E+00
    4      0.0000000000E+00   0.0000000000E+00   0.0000000000E+00   0.0000000000E+00   0.0000000000E+00
    5      0.0000000000E+00   0.0000000000E+00   0.0000000000E+00   0.0000000000E+00   0.0000000000E+00
    6      0.0000000000E+00   0.0000000000E+00   0.0000000000E+00   0.0000000000E+00   0.0000000000E+00
    7      0.0000000000E+00   0.0000000000E+00   0.0000000000E+00   0.0000000000E+00   0.0000000000E+00
    8      0.0000000000E+00   0.0000000000E+00   0.0000000000E+00   0.0000000000E+00   0.0000000000E+00
    9      0.0000000000E+00   0.0000000000E+00   0.0000000000E+00   0.0000000000E+00   0.0000000000E+00
   10      0.0000000000E+00   0.0000000000E+00   0.0000000000E+00   0.0000000000E+00   0.0000000000E+00
   11      0.0000000000E+00   0.0000000000E+00   0.0000000000E+00   0.0000000000E+00   0.0000000000E+00
                    5                  6                  7                  8                  9        
    0      0.0000000000E+00   2.1678316118E-02  -1.4767015874E-01   2.2331466953E-04   1.2441481978E-02
    1      0.0000000000E+00   6.7037012448E-02   1.0133450117E-02   4.9966114874E-03   5.3483934853E-01
    2      0.0000000000E+00   1.5986678053E-01   1.5903954177E-02  -2.1839508236E-03  -2.2576276639E-01
    3      0.0000000000E+00  -8.5834717526E-02   2.3650414333E-01  -3.4175422092E-01   4.4906717741E-01
    4      0.0000000000E+00  -2.6538187481E-01  -6.1537680300E-01   5.8388647066E-01  -2.1098817911E-01
    5      0.0000000000E+00  -6.3715961968E-01   2.2419376668E-01  -1.9917903841E-01   2.8706442932E-02
    6      0.0000000000E+00  -5.5079609361E-03   7.9263666961E-02  -1.7829269950E-03  -8.8279574475E-03
    7      0.0000000000E+00  -1.6689193241E-02  -5.4488886736E-03  -7.4257199131E-02  -3.7880973582E-01
    8      0.0000000000E+00  -3.9804133266E-02  -8.3961704394E-03   3.1405245317E-02   1.5988578963E-01
    9      0.0000000000E+00  -8.5054556160E-02   2.6501060761E-01   3.6739193570E-01  -4.5719827745E-01
   10      0.0000000000E+00  -2.6851807940E-01   5.8111479957E-01   5.3518756537E-01  -1.4950631664E-01
   11      0.0000000000E+00  -6.3598876608E-01  -2.8043589243E-01  -2.7326251564E-01   1.2369815906E-01
                   10                 11        
     0     -1.1414489238E-03  -1.0043559401E-01
     1     -5.5287383618E-02   6.7037653744E-03
     2      2.3388198577E-02   1.0564733760E-02
     3      6.0934069541E-01   6.0147610979E-01
     4      2.9034901859E-01   3.0241054846E-01
     5     -2.0331002474E-01  -2.0739976399E-01
     6     -1.4156692613E-05   7.0669268992E-04
     7     -2.6435130134E-04  -4.8950690960E-05
     8      1.1816481293E-04  -7.1471534410E-05
     9     -5.9551486610E-01   5.8406510384E-01
    10      3.7263324440E-01  -3.8151348875E-01
    11     -7.7251653782E-02   8.2648232140E-02

#
# The atoms: label  mass x y z (in bohrs)
#
$atoms
4
 C     12.01100     -0.024487863574    -1.048430913530     0.442434231217
 H      1.00800     -1.819055287351    -1.970009276802     1.069424909982
 O     15.99900      0.024516117017     1.050422219762    -0.443506299332
 H      1.00800      1.721724308416    -2.209555595780     0.698015300203

$actual_temperature
  0.000000

$frequency_scale_factor
  1.000000

$dipole_derivatives
12
    9.6279449469E-01   -2.9251165349E-02   -8.7629174950E-02
   -2.9666710248E-02    1.1206648583E+00   -3.7673264809E-01
   -8.7196526508E-02   -3.7657715885E-01    3.8353437870E-01
   -2.2000775437E-01   -9.8164470835E-02    8.1177837328E-02
   -6.4885895710E-02   -1.3483070298E-02    4.8508862466E-02
    6.7549638983E-02    5.3227030013E-02    5.0353045418E-02
   -5.3240968731E-01   -5.6196959172E-03    2.3054863732E-02
   -5.6771598969E-03   -1.0668754631E+00    2.9044253980E-01
    2.3031383931E-02    2.8964055826E-01   -5.0183655303E-01
   -2.1051787823E-01    1.3300453809E-01   -1.6643553938E-02
    1.0025444638E-01   -4.0217628493E-02    3.7781275954E-02
   -3.3508822268E-03    3.3670998377E-02    6.8070288314E-02

#
# The IR spectrum
#  wavenumber eps Int TX TY TZ
#
$ir_spectrum
12
      0.00   0.00000000   0.00000000     0.000000     0.000000     0.000000
      0.00   0.00000000   0.00000000     0.000000     0.000000     0.000000
      0.00   0.00000000   0.00000000     0.000000     0.000000     0.000000
      0.00   0.00000000   0.00000000     0.000000     0.000000     0.000000
      0.00   0.00000000   0.00000000     0.000000     0.000000     0.000000
      0.00   0.00000000   0.00000000     0.000000     0.000000     0.000000
   1202.40   0.00050431   2.54857663    -0.001292    -0.004439    -0.010465
   1260.54   0.00469805  23.74203270    -0.033844     0.002272     0.003534
   1520.11   0.00336803  17.02064271     0.000649     0.024215    -0.010229
   1829.54   0.03419892 172.82732288     0.001617     0.070329    -0.029742
   2898.89   0.01267556  64.05709816    -0.000723    -0.034038     0.014333
   2968.56   0.03166795 160.03685241    -0.057255     0.003787     0.006041


$end

