
$orca_hessian_file

$act_atom
  0

$act_coord
  0

$act_energy
        0.000000

$multiplicity
  1

$hessian
12
                    0                  1                  2                  3                  4        
    0      5.5935241940E-01   7.0227669583E-02  -7.8808959197E-02  -4.1170606734E-01   4.3935147608E-02
    1      7.0227669583E-02   4.6463023763E-01   1.4836435448E-01   8.5565136471E-03  -3.8559075232E-02
    2     -7.8808959197E-02   1.4836435448E-01   4.3017793725E-01  -9.5849842352E-03  -1.7957382136E-02
    3     -4.1170606734E-01   8.5565136471E-03  -9.5849842352E-03   4.3747718432E-01  -1.4348264480E-02
    4      4.3935147608E-02  -3.8559075232E-02  -1.7957382136E-02  -1.4348264480E-02   4.1399344482E-02
    5     -4.9329125405E-02  -1.7959261223E-02  -3.4427622541E-02   1.6088343219E-02   1.5191847711E-02
    6     -7.3837639627E-02   9.6268033638E-03   8.7830031515E-02  -1.2893947739E-02   1.1191087517E-02
    7      3.4049464269E-03  -4.6486537063E-02  -6.2926729724E-02   1.2105121522E-03  -2.6961234185E-03
    8      1.1791367895E-01  -1.0631900069E-01  -3.6440096190E-01  -4.7491882132E-03   3.1250699933E-03
    9     -7.3808712438E-02  -8.8418267654E-02   5.5941707572E-04  -1.2877169236E-02  -4.0771110076E-02
   10     -1.1756048256E-01  -3.7958462534E-01  -6.7492041205E-02   4.5743781107E-03  -1.4414583211E-04
   11      1.0228900491E-02  -2.4074293984E-02  -3.1349352811E-02  -1.7532076183E-03  -3.6004716767E-04
                    5                  6                  7                  8                  9        
    0     -4.9329125405E-02  -7.3837639627E-02   3.4049464269E-03   1.1791367895E-01  -7.3808712438E-02
    1     -1.7959261223E-02   9.6268033638E-03  -4.6486537063E-02  -1.0631900069E-01  -8.8418267654E-02
    2     -3.4427622541E-02   8.7830031515E-02  -6.2926729724E-02  -3.6440096190E-01   5.5941707572E-04
    3      1.6088343219E-02  -1.2893947739E-02   1.2105121522E-03  -4.7491882132E-03  -1.2877169236E-02
    4      1.5191847711E-02   1.1191087517E-02  -2.6961234185E-03   3.1250699933E-03  -4.0771110076E-02
    5      3.7898628011E-02   3.9758460576E-02  -5.2830393307E-05  -4.4706718827E-04  -6.5186415435E-03
    6      3.9758460576E-02   8.3895369322E-02  -1.8116645808E-02  -1.1430452586E-01   2.8362180434E-03
    7     -5.2830393307E-05  -1.8116645808E-02   6.0513722836E-02   9.9522751346E-02   1.3507473755E-02
    8     -4.4706718827E-04  -1.1430452586E-01   9.9522751346E-02   3.7236474607E-01   1.1478240057E-03
    9     -6.5186415435E-03   2.8362180434E-03   1.3507473755E-02   1.1478240057E-03   8.3849663631E-02
   10      2.8207555036E-03  -2.7075315980E-03  -1.1331062355E-02   3.6839413797E-03   1.1568777001E-01
   11     -3.0239382813E-03  -1.3291755107E-02  -3.6555953260E-02  -7.5167169781E-03   4.8137313483E-03
                   10                 11        
     0     -1.1756048256E-01   1.0228900491E-02
     1     -3.7958462534E-01  -2.4074293984E-02
     2     -6.7492041205E-02  -3.1349352811E-02
     3      4.5743781107E-03  -1.7532076183E-03
     4     -1.4414583211E-04  -3.6004716767E-04
     5      2.8207555036E-03  -3.0239382813E-03
     6     -2.7075315980E-03  -1.3291755107E-02
     7     -1.1331062355E-02  -3.6555953260E-02
     8      3.6839413797E-03  -7.5167169781E-03
     9      1.1568777001E-01   4.8137313483E-03
    10      3.9105983353E-01   6.0988819367E-02
    11      6.0988819367E-02   4.1890008070E-02

$vibrational_frequencies
12
    0        0.0000000000000000
    1        0.0000000000000000
    2        0.0000000000000000
    3        0.0000000000000000
    4        0.0000000000000000
    5        0.0000000000000000
    6     1121.8738456013115865
    7     1633.6998901029689932
    8     1634.4167122492451654
    9     3432.9811410551642439
   10     3535.4853380206150177
   11     3535.7802606105078667

$normal_modes
12 12
                    0                  1                  2                  3                  4        
    0      0.0000000000E+00   0.0000000000E+00   0.0000000000E+00   0.0000000000E+00   0.0000000000E+00
    1      0.0000000000E+00   0.0000000000E+00   0.0000000000E+00   0.0000000000E+00   0.0000000000E+00
    2      0.0000000000E+00   0.0000000000E+00   0.0000000000E+00   0.0000000000E+00   0.0000000000E+00
    3      0.0000000000E+00   0.0000000000E+00   0.0000000000E+00   0.0000000000E+00   0.0000000000E+00
    4      0.0000000000E+00   0.0000000000E+00   0.0000000000E+00   0.0000000000E+00   0.0000000000E+00
    5      0.0000000000E+00   0.0000000000E+00   0.0000000000E+00   0.0000000000E+00   0.0000000000E+00
    6      0.0000000000E+00   0.0000000000E+00   0.0000000000E+00   0.0000000000E+00   0.0000000000E+00
    7      0.0000000000E+00   0.0000000000E+00   0.0000000000E+00   0.0000000000E+00   0.0000000000E+00
    8      0.0000000000E+00   0.0000000000E+00   0.0000000000E+00   0.0000000000E+00   0.0000000000E+00
    9      0.0000000000E+00   0.0000000000E+00   0.0000000000E+00   0.0000000000E+00   0.0000000000E+00
   10      0.0000000000E+00   0.0000000000E+00   0.0000000000E+00   0.0000000000E+00   0.0000000000E+00
   11      0.0000000000E+00   0.0000000000E+00   0.0000000000E+00   0.0000000000E+00   0.0000000000E+00
                    5                  6                  7                  8                  9        
    0      0.0000000000E+00  -3.7583198472E-02   4.4009825658E-02   4.1236898542E-02   1.4455455020E-02
    1      0.0000000000E+00   7.0789923785E-02  -2.2329987841E-02   4.4496025534E-02  -2.7163373159E-02
    2      0.0000000000E+00  -7.9481188877E-02  -4.0660039800E-02   2.0199598267E-02   3.0536928622E-02
    3      0.0000000000E+00  -4.8221331821E-02   4.4497488872E-02   4.1622509919E-02  -5.7681080205E-01
    4      0.0000000000E+00  -3.8011940575E-01   5.3328730276E-01  -2.7011038804E-01   6.0098550751E-03
    5      0.0000000000E+00   4.2661275373E-01   1.7430902898E-01  -5.2223073071E-01  -6.7561816938E-03
    6      0.0000000000E+00   2.8511808638E-01  -2.0352830805E-02  -6.3587207005E-01   1.8801148841E-01
    7      0.0000000000E+00  -4.5470004897E-01  -3.6690805101E-01  -3.3279248502E-01  -1.6390630587E-01
    8      0.0000000000E+00   2.0276783004E-01   4.8767678182E-02  -1.0677268929E-01  -5.2024368532E-01
    9      0.0000000000E+00   2.8535310754E-01  -6.3569786043E-01   2.1228490803E-02   1.8792871992E-01
   10      0.0000000000E+00  -1.4886552788E-01   1.4391453763E-01  -1.5406481752E-02   5.3535415699E-01
   11      0.0000000000E+00   4.7507677001E-01   3.4192842923E-01   3.4831316908E-01   1.0266379637E-01
                   10                 11        
     0     -7.3253870058E-02  -7.1654057251E-03
     1     -1.1548433346E-02  -5.9724195807E-02
     2      2.4403454273E-02  -4.9764251378E-02
     3      8.0748013232E-01   7.8809899733E-02
     4     -3.9513116753E-02  -1.9685426065E-02
     5      4.7365124701E-02  -9.4463954565E-03
     6      1.2636331181E-01  -2.0610636139E-01
     7     -1.2183384334E-01   1.4979961359E-01
     8     -4.4016273763E-01   6.1070311663E-01
     9      8.4080125230E-02   2.2686574538E-01
    10      3.2182206512E-01   6.9980328338E-01
    11      5.3691279595E-02   9.0259021929E-02

#
# The atoms: label  mass x y z (in bohrs)
#
$atoms
4
 N     14.00700     -0.047431411576     0.089208850949    -0.100179270656
 H      1.00800      1.881022662287    -0.022568547426     0.025296054781
 H      1.00800     -0.610951204161     0.531152988555     1.698188967187
 H      1.00800     -0.610972468105    -1.748215765774    -0.331410573478

$actual_temperature
  0.000000

$frequency_scale_factor
  1.000000

$dipole_derivatives
12
   -4.3214744931E-01    4.1571410698E-02   -4.6548216921E-02
    4.1088543795E-02   -4.8661730044E-01    8.6912767563E-02
   -4.6083142095E-02    8.7118729877E-02   -5.0658556687E-01
    2.2538611919E-02    1.4223559522E-02   -1.5884280013E-02
    7.8974473826E-02    2.2094503832E-01   -4.7125922597E-02
   -8.8644767561E-02   -4.7143283406E-02    2.3181533843E-01
    2.0470460160E-01   -4.1318807759E-02    1.9362386263E-02
   -5.2626009111E-02    2.5344684048E-01    5.3869342077E-03
    7.3979948465E-02   -7.3437778528E-02    1.6887046053E-02
    2.0487032935E-01   -1.4488049862E-02    4.3092125575E-02
   -6.7402158128E-02    1.2357389064E-02   -4.5190943659E-02
    6.0837705194E-02    3.3445358810E-02    2.5793292987E-01

#
# The IR spectrum
#  wavenumber eps Int TX TY TZ
#
$ir_spectrum
12
      0.00   0.00000000   0.00000000     0.000000     0.000000     0.000000
      0.00   0.00000000   0.00000000     0.000000     0.000000     0.000000
      0.00   0.00000000   0.00000000     0.000000     0.000000     0.000000
      0.00   0.00000000   0.00000000     0.000000     0.000000     0.000000
      0.00   0.00000000   0.00000000     0.000000     0.000000     0.000000
      0.00   0.00000000   0.00000000     0.000000     0.000000     0.000000
   1121.87   0.03267463 165.12419459     0.031771    -0.059811     0.067098
   1633.70   0.00316476  15.99342034    -0.016916     0.008588     0.015640
   1634.42   0.00315951  15.96685831    -0.015836    -0.017089    -0.007775
   3432.98   0.00001795   0.09070315    -0.000444     0.000801    -0.000891
   3535.49   0.00031099   1.57163608     0.004937     0.000751    -0.001584
   3535.78   0.00030421   1.53735096     0.000488     0.003962     0.003304


$end

