
$orca_hessian_file

$act_atom
  0

$act_coord
  0

$act_energy
        0.000000

$multiplicity
  1

$hessian
42
                    0                  1                  2                  3                  4        
    0      3.2509996310E-01   1.9769571632E-01   1.3534923022E-01  -9.3482581502E-02  -9.8015485969E-03
    1      1.9769571632E-01   6.6972667013E-01  -1.2014737367E-01  -9.7916791628E-03  -1.0553354670E-01
    2      1.3534923022E-01  -1.2014737367E-01   4.7099577775E-01  -1.5001273766E-02   5.8741729363E-03
    3     -9.3482581502E-02  -9.7916791628E-03  -1.5001273766E-02   4.3868199541E-01   2.3668242937E-01
    4     -9.8015485969E-03  -1.0553354670E-01   5.8741729363E-03   2.3668242937E-01   8.5980406253E-01
    5     -1.5040959859E-02   5.8861876505E-03  -1.0929593144E-01   1.3543951387E-01  -1.4438558969E-01
    6     -1.6561105175E-02  -3.4503217614E-02  -2.9045865393E-02  -2.3177634572E-01  -2.0271990024E-01
    7     -2.7477773347E-02  -7.8590384124E-03  -2.2721509268E-02  -2.0040091795E-01  -3.8059809316E-01
    8     -3.5101266004E-02  -3.4489081674E-02  -1.0032190283E-02  -8.2457693625E-02  -7.6633647065E-02
    9      1.4778458093E-02   1.4347654727E-02  -1.8938602139E-02  -9.9428372230E-02  -2.4544217438E-02
   10      7.3126271089E-03  -6.7669175828E-03   3.4305121059E-02  -2.6685998248E-02  -3.7581195356E-01
   11     -1.2878499934E-02   4.6061490807E-02  -4.2535998479E-02  -1.2771570493E-02   2.1598348012E-01
   12     -8.7652363177E-02  -4.8832967409E-02   6.1181257159E-03  -2.2731137429E-03   1.7208692278E-02
   13     -2.2821156158E-02  -2.6270944967E-01   1.2922762409E-01   1.5574492790E-02   1.0750719061E-02
   14     -1.6040784238E-02   8.5870781774E-02  -1.6620157172E-01  -1.1983418826E-02   1.6852899847E-02
   15      1.6455164207E-02   4.2400935408E-02  -2.1940724852E-02   9.6102945304E-03  -2.2680160887E-03
   16      1.8724113963E-02   2.8967312843E-02   1.3238642796E-02  -1.6626440830E-03  -3.6967015071E-03
   17     -1.7529332779E-03   5.2767721779E-02  -3.9953662984E-02   2.5018264746E-03   7.0314140374E-03
   18     -1.2733977955E-02  -1.7792151807E-02   7.0954630398E-03  -1.6202384789E-03  -9.3301600218E-04
   19     -1.7801904557E-02  -5.5742654138E-02   1.1158129408E-02  -9.5096787994E-04  -4.2888208517E-03
   20      7.0927790663E-03   1.1135310664E-02  -5.5508704534E-03   1.0307147250E-03   5.9267206679E-04
   21     -1.7703039620E-02  -2.7461684374E-02  -1.9347937872E-02   5.4912230527E-03  -7.1907325924E-03
   22     -3.6686073487E-03   2.7870703685E-02  -2.3162686667E-02  -7.7783801429E-03  -3.8188999210E-03
   23     -3.9594153714E-02  -6.2726356120E-02  -4.5959413469E-03   8.7078168725E-04  -1.0974438050E-03
   24     -1.4368467718E-01  -9.8426155799E-02  -4.4928034824E-02  -1.9213075390E-02  -7.3832378396E-03
   25     -1.2442512643E-01  -2.6456548525E-01  -3.8702761612E-02  -5.7325402886E-03   1.0072706054E-02
   26     -2.2778575248E-02   4.6463061345E-03  -1.0869822310E-01  -2.2017432007E-02  -2.3656883968E-02
   27      3.8136575559E-03  -1.0701958413E-03  -4.7559685033E-03   5.4235582979E-04  -8.7151997229E-04
   28     -1.6763485880E-03   2.2422635249E-03   1.4256381021E-03   1.9315747942E-04   3.8226085876E-04
   29     -4.2344999244E-03   2.4305111400E-03  -1.9377783037E-03  -6.3504675099E-04  -1.0764969213E-03
   30      4.6201674747E-03  -1.2495698258E-02   1.0271419350E-02  -2.5725489292E-03   5.5140834673E-04
   31     -2.6243631970E-07  -1.3353853503E-02   1.5514326348E-02   1.9083895863E-03  -3.5682817544E-03
   32     -3.6781263350E-04  -5.3451615692E-03   8.7754911164E-03   1.7221663630E-03   6.2762302591E-05
   33      3.9212654635E-03  -1.0032168897E-03  -7.0790041007E-04  -3.8319475870E-03   2.4295202665E-04
   34     -1.3503084801E-02  -1.3363240530E-02  -6.9814586964E-03  -1.1707665874E-03  -3.6331376765E-03
   35      9.9197127040E-03   1.3866812527E-02   9.5639140059E-03   2.2543632076E-03  -4.5958139920E-04
   36      3.0486712473E-03  -2.6994137037E-03  -4.6313620002E-03   8.0216799273E-04   5.4449010077E-04
   37     -2.1039327583E-03   2.2200968005E-03   7.4535263595E-04  -5.2020984772E-04   3.9067726118E-04
   38     -5.1480764339E-03  -2.5445292800E-04  -1.1534173820E-03   4.1080783524E-04   1.2802072385E-03
   39      8.0397473270E-05  -4.0873032216E-04   5.1789583692E-04  -9.2981324157E-04   4.0936016464E-04
   40     -4.1190763925E-04  -1.1328612015E-03   2.6188837257E-04   4.0849144683E-04  -4.5099062815E-04
   41      5.2137487493E-04   2.6219765648E-04   6.2040261231E-04   6.5761918982E-04  -2.4492670107E-04
                    5                  6                  7                  8                  9        
    0     -1.5040959859E-02  -1.6561105175E-02  -2.7477773347E-02  -3.5101266004E-02   1.4778458093E-02
    1      5.8861876505E-03  -3.4503217614E-02  -7.8590384124E-03  -3.4489081674E-02   1.4347654727E-02
    2     -1.0929593144E-01  -2.9045865393E-02  -2.2721509268E-02  -1.0032190283E-02  -1.8938602139E-02
    3      1.3543951387E-01  -2.3177634572E-01  -2.0040091795E-01  -8.2457693625E-02  -9.9428372230E-02
    4     -1.4438558969E-01  -2.0271990024E-01  -3.8059809316E-01  -7.6633647065E-02  -2.4544217438E-02
    5      5.8495765266E-01  -8.0656833621E-02  -7.3170142076E-02  -1.4967392547E-01  -1.4648341346E-02
    6     -8.0656833621E-02   2.3463200291E-01   2.8047335700E-01   1.0081068328E-01   1.4088183803E-02
    7     -7.3170142076E-02   2.8047335700E-01   4.8998629873E-01   6.9035552178E-02  -5.6194612046E-02
    8     -1.4967392547E-01   1.0081068328E-01   6.9035552178E-02   1.3693489917E-01   2.6459671395E-02
    9     -1.4648341346E-02   1.4088183803E-02  -5.6194612046E-02   2.6459671395E-02   7.3786082176E-02
   10      2.1214629902E-01  -4.3064426757E-02  -1.0469432559E-01   4.2047594948E-02   6.6532771751E-02
   11     -2.8553694741E-01   1.5176890517E-02   2.0299910593E-02   3.5124369893E-02   1.8286651378E-02
   12     -1.3251963435E-02   5.6591467651E-04   1.7838493548E-03  -3.2872864399E-03   6.8319139499E-05
   13      1.4148325666E-02  -4.3604287613E-03  -6.1783736428E-03  -5.8274194226E-04  -3.7654570683E-03
   14     -3.7315960250E-02   2.0270366686E-03   9.6227504434E-03  -3.2626766758E-03  -2.4629680587E-03
   15      2.9788076545E-03  -1.4968486746E-03  -1.0053103896E-03  -9.4123159643E-05  -1.2172749631E-03
   16      8.0010450598E-03  -4.6819550264E-04   1.3654830314E-04  -1.6746360557E-03   1.2055899304E-03
   17      7.1170962197E-03  -5.8730163023E-04  -2.5875109772E-03   3.3888358444E-04  -9.0507917705E-04
   18      1.0376572029E-03  -5.5244087753E-05   4.7364159071E-04  -9.6412225717E-04   2.1263553083E-04
   19      6.0207698372E-04  -7.6346719947E-04   3.7080475482E-04  -1.3782578257E-03   8.4969958479E-04
   20     -5.3674571336E-04   1.1033085589E-04   7.1296565131E-04  -1.6874242788E-04  -8.1801776357E-04
   21      3.5312124975E-04  -2.2585456059E-03  -1.9974757080E-04  -1.4434042327E-03   1.8644179701E-04
   22     -2.0830219298E-03   1.9821528658E-04   6.2534060337E-04  -1.2864734331E-03   1.2539224159E-03
   23      1.1387051087E-02  -1.8194812264E-03  -2.0043547574E-03  -2.6371525409E-03   7.8216798027E-04
   24     -2.0644594649E-02   3.1317068517E-03   3.8714166892E-04  -8.9004764481E-04  -1.7950892450E-03
   25     -2.0842786296E-02   4.0120046620E-03   3.9008080751E-03   6.3127987912E-03  -1.4482166309E-03
   26     -1.9751458812E-02  -3.9729024369E-03   3.1251315587E-04  -3.3560546103E-03  -4.4615636521E-03
   27      2.7546342384E-04  -5.8733765916E-04  -2.4880591375E-05  -2.4034329142E-04  -4.9330207612E-05
   28      7.0142748750E-04   9.9554119988E-05  -1.1147114117E-04  -1.0826787730E-04  -8.5506405662E-05
   29      6.8521616340E-04  -3.4845825940E-04  -3.1380621136E-04  -7.4208580129E-04  -5.3836252874E-05
   30      2.9040795259E-03   7.4656452569E-04   7.8572981913E-04  -9.0273057606E-05  -6.2170156652E-04
   31      2.3294382028E-03   3.3143412814E-04   1.2394699875E-03  -1.7820865160E-04   1.2932710597E-03
   32     -1.7713517850E-03   3.2394418651E-04   6.1540320355E-04   4.0615945539E-04  -2.5655202966E-03
   33      1.0699018042E-03  -4.5150187156E-04   1.4471950481E-03  -2.4280627846E-03   3.8056748783E-04
   34     -2.7226740464E-03   6.4537598581E-04   2.8919797842E-03  -1.0825153843E-03   3.0430496079E-04
   35     -4.5708916429E-04  -1.7096519819E-03   2.8875287288E-04  -2.6538835872E-03  -2.7826897144E-04
   36     -4.9770116738E-04  -3.5432515064E-05  -6.4783869555E-05  -4.8783311244E-05  -4.6823624217E-04
   37     -4.9668903493E-04   1.0825223869E-04   5.9167237565E-05   1.5158383461E-04   1.3591573118E-04
   38      4.1953839553E-04  -1.9299235145E-04  -1.3904559451E-04  -1.8370685639E-04  -1.7861853270E-04
   39      6.6049146390E-04   5.7988540679E-05   2.2974506689E-05  -1.8055184419E-04   7.9316427508E-05
   40     -2.3693600304E-04   5.5794207641E-06   2.3088446422E-04  -6.0714942326E-05   4.9154367140E-05
   41     -2.2714449415E-04  -1.5979563258E-04  -2.4464115857E-05  -9.3893853748E-05  -1.6659803371E-04
                   10                 11                 12                 13                 14        
    0      7.3126271089E-03  -1.2878499934E-02  -8.7652363177E-02  -2.2821156158E-02  -1.6040784238E-02
    1     -6.7669175828E-03   4.6061490807E-02  -4.8832967409E-02  -2.6270944967E-01   8.5870781774E-02
    2      3.4305121059E-02  -4.2535998479E-02   6.1181257159E-03   1.2922762409E-01  -1.6620157172E-01
    3     -2.6685998248E-02  -1.2771570493E-02  -2.2731137429E-03   1.5574492790E-02  -1.1983418826E-02
    4     -3.7581195356E-01   2.1598348012E-01   1.7208692278E-02   1.0750719061E-02   1.6852899847E-02
    5      2.1214629902E-01  -2.8553694741E-01  -1.3251963435E-02   1.4148325666E-02  -3.7315960250E-02
    6     -4.3064426757E-02   1.5176890517E-02   5.6591467651E-04  -4.3604287613E-03   2.0270366686E-03
    7     -1.0469432559E-01   2.0299910593E-02   1.7838493548E-03  -6.1783736428E-03   9.6227504434E-03
    8      4.2047594948E-02   3.5124369893E-02  -3.2872864399E-03  -5.8274194226E-04  -3.2626766758E-03
    9      6.6532771751E-02   1.8286651378E-02   6.8319139499E-05  -3.7654570683E-03  -2.4629680587E-03
   10      4.8425824353E-01  -2.8226062919E-01  -1.6449903997E-04   3.7690877825E-03  -5.2630355609E-04
   11     -2.8226062919E-01   3.0239896443E-01  -5.5601073159E-03  -6.5658542425E-03  -2.1020021925E-04
   12     -1.6449903997E-04  -5.5601073159E-03   3.7921072447E-01   2.0720871518E-01   2.1587321095E-01
   13      3.7690877825E-03  -6.5658542425E-03   2.0720871518E-01   6.4038316259E-01  -7.7567529400E-02
   14     -5.2630355609E-04  -2.1020021925E-04   2.1587321095E-01  -7.7567529400E-02   5.6955092703E-01
   15      1.6479448073E-03  -1.2746220340E-03  -1.5176767450E-01  -3.5311301401E-02  -1.0850470388E-01
   16      6.6750587400E-04   3.6136498403E-04  -4.2496082549E-03  -1.1937737012E-01   3.6223636631E-02
   17      1.0555945787E-03  -3.7021090603E-03  -1.3501136404E-01  -1.5587330310E-02  -2.8026219888E-01
   18     -4.0388732439E-04   2.4271240039E-04  -1.6334136572E-02  -6.5935573161E-03  -3.6235719651E-02
   19      3.8028010772E-04   1.3111314155E-03  -2.7687713845E-02   2.9791800102E-02  -6.4091314485E-02
   20     -7.6037938920E-04  -4.3721321920E-04  -1.8259899102E-02  -2.8936004600E-02   2.9785900905E-03
   21      1.8112110691E-03   3.0135560821E-04  -8.7757962421E-03   1.1204010597E-02  -1.3428520365E-02
   22      1.7978740329E-04   1.1705737424E-03   9.3535419865E-03  -1.4793294453E-02   2.2680725058E-02
   23      2.0887903392E-03  -1.4332453486E-03  -1.1862008615E-02   2.5756738870E-02  -4.8172650337E-02
   24     -7.5598950463E-03   7.9236679401E-04   1.5567784836E-02  -3.0675432463E-02   3.4117405145E-02
   25     -6.2469389434E-03   4.2407036525E-03  -1.0214807793E-02  -4.4585725591E-02   3.0138551182E-02
   26     -5.9276394968E-03  -6.8910684006E-04   1.6701891111E-02  -3.9829744797E-03   4.2004285469E-02
   27      8.9012570414E-05  -2.0086564228E-04  -4.1356792718E-04   6.1357489048E-04   2.7033362165E-04
   28      5.9035103521E-05  -1.7218413380E-04   7.2966305853E-04  -6.4796073213E-06   4.6401181893E-04
   29      1.1869330081E-04  -1.6482077441E-04   1.7142241395E-04   2.7835570516E-04  -8.3991389922E-04
   30      4.5738969376E-04  -1.8648537270E-03   1.2753638812E-03  -3.7807779202E-03  -3.2904669950E-03
   31      2.8565909854E-03  -1.2637307728E-04  -4.2039736297E-03  -1.0888483516E-03  -1.6644327349E-03
   32     -1.5034910034E-03  -2.6114679232E-03  -2.9364763456E-03  -9.5990324931E-04   1.1002332992E-03
   33     -1.9894049365E-04   1.3913403655E-04  -1.3698636940E-01  -1.3548148522E-01  -4.6857856027E-02
   34      1.2241862611E-03  -2.1512160852E-04  -1.3486454787E-01  -2.3844906386E-01  -5.5471150002E-02
   35     -9.8297539068E-04   7.7916486497E-04  -4.7365108830E-02  -5.6517464052E-02  -7.0469208634E-02
   36      2.6173265515E-04  -2.8926308907E-04   4.3919244469E-03   1.2987674624E-02  -1.0931732464E-02
   37     -1.0676436908E-04  -5.0908701019E-05  -1.4377201233E-03   4.8935014692E-03  -2.8946461335E-03
   38      1.5884792218E-04  -8.6611739307E-04   1.3607533042E-03   2.1169164071E-02  -1.1435698850E-02
   39      3.0682315044E-05  -1.5040502943E-04   3.1229901031E-03  -4.7931317956E-03  -2.5565014933E-03
   40      2.3218299421E-04   1.4299243731E-05  -4.6343638699E-03  -2.3996657036E-03   3.7006422640E-04
   41     -1.1406736241E-05  -1.1527252501E-04  -2.6865037594E-03   1.1154920052E-04   2.5360435819E-03
                   15                 16                 17                 18                 19        
    0      1.6455164207E-02   1.8724113963E-02  -1.7529332779E-03  -1.2733977955E-02  -1.7801904557E-02
    1      4.2400935408E-02   2.8967312843E-02   5.2767721779E-02  -1.7792151807E-02  -5.5742654138E-02
    2     -2.1940724852E-02   1.3238642796E-02  -3.9953662984E-02   7.0954630398E-03   1.1158129408E-02
    3      9.6102945304E-03  -1.6626440830E-03   2.5018264746E-03  -1.6202384789E-03  -9.5096787994E-04
    4     -2.2680160887E-03  -3.6967015071E-03   7.0314140374E-03  -9.3301600218E-04  -4.2888208517E-03
    5      2.9788076545E-03   8.0010450598E-03   7.1170962197E-03   1.0376572029E-03   6.0207698372E-04
    6     -1.4968486746E-03  -4.6819550264E-04  -5.8730163023E-04  -5.5244087753E-05  -7.6346719947E-04
    7     -1.0053103896E-03   1.3654830314E-04  -2.5875109772E-03   4.7364159071E-04   3.7080475482E-04
    8     -9.4123159643E-05  -1.6746360557E-03   3.3888358444E-04  -9.6412225717E-04  -1.3782578257E-03
    9     -1.2172749631E-03   1.2055899304E-03  -9.0507917705E-04   2.1263553083E-04   8.4969958479E-04
   10      1.6479448073E-03   6.6750587400E-04   1.0555945787E-03  -4.0388732439E-04   3.8028010772E-04
   11     -1.2746220340E-03   3.6136498403E-04  -3.7021090603E-03   2.4271240039E-04   1.3111314155E-03
   12     -1.5176767450E-01  -4.2496082549E-03  -1.3501136404E-01  -1.6334136572E-02  -2.7687713845E-02
   13     -3.5311301401E-02  -1.1937737012E-01  -1.5587330310E-02  -6.5935573161E-03   2.9791800102E-02
   14     -1.0850470388E-01   3.6223636631E-02  -2.8026219888E-01  -3.6235719651E-02  -6.4091314485E-02
   15      3.4541756798E-01   1.6685493426E-01   1.9551327329E-01  -1.5715346284E-01  -9.6965686288E-02
   16      1.6685493426E-01   6.3434319835E-01  -1.4049528918E-01  -1.2756711530E-01  -2.5601253653E-01
   17      1.9551327329E-01  -1.4049528918E-01   5.8856726236E-01  -3.7184310335E-02  -3.0703695795E-03
   18     -1.5715346284E-01  -1.2756711530E-01  -3.7184310335E-02   3.6963262852E-01   1.6458428648E-01
   19     -9.6965686288E-02  -2.5601253653E-01  -3.0703695795E-03   1.6458428648E-01   5.8604678086E-01
   20     -6.3277085012E-02  -5.4081937376E-02  -1.2916071874E-01   2.2828512210E-01  -9.8011018597E-02
   21      1.7118911713E-02  -1.0163147418E-02   2.0700822887E-02  -9.3368210240E-02  -4.1579243496E-02
   22     -3.0691404262E-02  -4.5481055412E-02  -3.9680221431E-03  -1.0945948019E-02  -2.5382846368E-01
   23      3.8194560311E-02   3.0236858665E-02   4.7788094860E-02  -3.0383052580E-02   8.7668158288E-02
   24     -2.8999750518E-02  -1.6095482935E-02  -2.3896697456E-02   2.0833111999E-02   4.3567331222E-02
   25     -1.7941926845E-02  -1.5486303347E-02  -2.2197816996E-02   2.2499637715E-02   3.1005862868E-02
   26     -2.2340473500E-02  -1.9130278811E-02  -2.7368465434E-02   9.0495627286E-04   5.3667395521E-02
   27      4.7366904683E-03  -1.6611043097E-03  -2.1079237104E-03   3.9741951000E-03   8.6653089879E-04
   28     -1.3434980109E-03  -1.1258307094E-03   4.5574523986E-03  -1.3605680399E-02  -1.3231862336E-02
   29     -2.3742676246E-03   4.0313497684E-03  -5.4900117706E-04   1.0805224382E-02   1.6495947704E-02
   30     -9.7033242013E-04   1.8457304126E-04   3.1253528123E-06   3.1107953272E-03  -2.6136966546E-03
   31      2.5621134929E-04   2.1079850764E-04  -6.6020114183E-04  -2.5403507239E-03   2.0917782476E-03
   32     -5.8174206410E-05  -7.8292714273E-04  -4.9250867902E-04  -5.1431468506E-03   2.4301397583E-04
   33     -2.1058677613E-03  -1.1928898194E-02  -2.7110756739E-03   3.8953768131E-03  -1.4750652382E-03
   34      1.7063134638E-03   6.1649008128E-03   2.3837790582E-03  -1.5526600631E-03   2.1145343140E-03
   35     -1.4332085005E-02  -2.0338872394E-02  -9.3796720400E-04  -4.6736024946E-03   2.1160642549E-03
   36     -4.6641085442E-02  -1.4151035929E-02   1.4137899857E-04   3.6930145640E-03  -1.3973976338E-02
   37     -1.3976690838E-02  -2.3350599707E-01   1.4208104936E-01   4.9628298528E-04  -1.3262179989E-02
   38     -9.8549701459E-06   1.4180265494E-01  -1.6036177693E-01  -1.6588999401E-03  -8.2209585137E-03
   39     -2.9863317760E-03   9.8710548249E-04  -1.4715418479E-02  -1.2408648767E-01  -6.0853885817E-03
   40     -1.3371589909E-02   4.1955300043E-03  -2.1331936898E-02  -6.0902199162E-03  -5.5435323730E-02
   41     -2.4688502261E-03   2.6298541233E-03  -1.0229279302E-03  -1.3215303393E-01   1.4816039990E-03
                   20                 21                 22                 23                 24        
    0      7.0927790663E-03  -1.7703039620E-02  -3.6686073487E-03  -3.9594153714E-02  -1.4368467718E-01
    1      1.1135310664E-02  -2.7461684374E-02   2.7870703685E-02  -6.2726356120E-02  -9.8426155799E-02
    2     -5.5508704534E-03  -1.9347937872E-02  -2.3162686667E-02  -4.5959413469E-03  -4.4928034824E-02
    3      1.0307147250E-03   5.4912230527E-03  -7.7783801429E-03   8.7078168725E-04  -1.9213075390E-02
    4      5.9267206679E-04  -7.1907325924E-03  -3.8188999210E-03  -1.0974438050E-03  -7.3832378396E-03
    5     -5.3674571336E-04   3.5312124975E-04  -2.0830219298E-03   1.1387051087E-02  -2.0644594649E-02
    6      1.1033085589E-04  -2.2585456059E-03   1.9821528658E-04  -1.8194812264E-03   3.1317068517E-03
    7      7.1296565131E-04  -1.9974757080E-04   6.2534060337E-04  -2.0043547574E-03   3.8714166892E-04
    8     -1.6874242788E-04  -1.4434042327E-03  -1.2864734331E-03  -2.6371525409E-03  -8.9004764481E-04
    9     -8.1801776357E-04   1.8644179701E-04   1.2539224159E-03   7.8216798027E-04  -1.7950892450E-03
   10     -7.6037938920E-04   1.8112110691E-03   1.7978740329E-04   2.0887903392E-03  -7.5598950463E-03
   11     -4.3721321920E-04   3.0135560821E-04   1.1705737424E-03  -1.4332453486E-03   7.9236679401E-04
   12     -1.8259899102E-02  -8.7757962421E-03   9.3535419865E-03  -1.1862008615E-02   1.5567784836E-02
   13     -2.8936004600E-02   1.1204010597E-02  -1.4793294453E-02   2.5756738870E-02  -3.0675432463E-02
   14      2.9785900905E-03  -1.3428520365E-02   2.2680725058E-02  -4.8172650337E-02   3.4117405145E-02
   15     -6.3277085012E-02   1.7118911713E-02  -3.0691404262E-02   3.8194560311E-02  -2.8999750518E-02
   16     -5.4081937376E-02  -1.0163147418E-02  -4.5481055412E-02   3.0236858665E-02  -1.6095482935E-02
   17     -1.2916071874E-01   2.0700822887E-02  -3.9680221431E-03   4.7788094860E-02  -2.3896697456E-02
   18      2.2828512210E-01  -9.3368210240E-02  -1.0945948019E-02  -3.0383052580E-02   2.0833111999E-02
   19     -9.8011018597E-02  -4.1579243496E-02  -2.5382846368E-01   8.7668158288E-02   4.3567331222E-02
   20      6.1313193773E-01  -4.2860777612E-03   1.3872343612E-01  -1.9486692716E-01  -1.7032305781E-02
   21     -4.2860777612E-03   3.7185212239E-01   2.0266170203E-01   2.0917943048E-01  -1.5177169470E-01
   22      1.3872343612E-01   2.0266170203E-01   6.3526215500E-01  -8.1385599666E-02  -3.5411288225E-02
   23     -1.9486692716E-01   2.0917943048E-01  -8.1385599666E-02   5.6093912656E-01  -1.0850345316E-01
   24     -1.7032305781E-02  -1.5177169470E-01  -3.5411288225E-02  -1.0850345316E-01   3.4805982752E-01
   25      1.8559006218E-02  -4.3199130755E-03  -1.1938303677E-01   3.5987712904E-02   1.6552541376E-01
   26     -3.5460249046E-02  -1.3497978443E-01  -1.5811112407E-02  -2.8012861198E-01   1.9966218952E-01
   27     -1.5227392558E-03  -1.3402631163E-01  -1.3190738859E-01  -4.5159424788E-02  -3.9992053705E-03
   28     -7.6341227245E-03  -1.3206082446E-01  -2.3658523248E-01  -5.2471434776E-02   1.6583482754E-03
   29      8.3972660943E-03  -4.5028562294E-02  -5.2212341415E-02  -7.0205756861E-02  -1.5260926122E-02
   30     -5.0823466810E-03   5.7649658323E-03   1.2340642630E-02  -1.0270872763E-02  -4.5777914312E-02
   31      3.7155219503E-04  -1.2931877878E-03   6.4458784129E-03  -2.8609936202E-03  -1.2582940154E-02
   32     -1.3035054285E-03   1.3569747442E-03   1.9873175460E-02  -9.0567927847E-03   2.7356297843E-04
   33     -4.7440298139E-03  -5.8783804126E-04   7.7894619489E-04   1.3612557101E-04   3.7211562944E-03
   34      1.9875495668E-03   7.0097163377E-04   2.2439296749E-04   6.9659866005E-05  -4.7834107318E-04
   35     -2.1072961666E-03   2.0199973229E-04   1.9681026509E-04  -8.9832256863E-04  -2.0253574208E-03
   36      1.0661493898E-02   2.5099624866E-03  -4.3502671593E-03  -3.5278001298E-03  -9.2591318891E-04
   37      1.5902989579E-02  -4.6665801844E-03  -1.1991527901E-03  -9.3121393267E-04  -7.7754750130E-05
   38      8.6697947044E-03  -3.2606758587E-03  -4.0000772652E-04   1.7525594192E-03   3.7367749277E-06
   39     -1.3213318683E-01   5.5678088108E-03  -1.8185965631E-03   1.9399211950E-03   4.8537324101E-03
   40      1.4663780814E-03   1.2542075392E-02   4.4808774374E-03   2.1654962020E-02  -2.4570102801E-03
   41     -2.6358532025E-01  -1.0301482132E-02  -2.3209395284E-03  -9.8714309924E-03  -1.6605471972E-03
                   25                 26                 27                 28                 29        
    0     -1.2442512643E-01  -2.2778575248E-02   3.8136575559E-03  -1.6763485880E-03  -4.2344999244E-03
    1     -2.6456548525E-01   4.6463061345E-03  -1.0701958413E-03   2.2422635249E-03   2.4305111400E-03
    2     -3.8702761612E-02  -1.0869822310E-01  -4.7559685033E-03   1.4256381021E-03  -1.9377783037E-03
    3     -5.7325402886E-03  -2.2017432007E-02   5.4235582979E-04   1.9315747942E-04  -6.3504675099E-04
    4      1.0072706054E-02  -2.3656883968E-02  -8.7151997229E-04   3.8226085876E-04  -1.0764969213E-03
    5     -2.0842786296E-02  -1.9751458812E-02   2.7546342384E-04   7.0142748750E-04   6.8521616340E-04
    6      4.0120046620E-03  -3.9729024369E-03  -5.8733765916E-04   9.9554119988E-05  -3.4845825940E-04
    7      3.9008080751E-03   3.1251315587E-04  -2.4880591375E-05  -1.1147114117E-04  -3.1380621136E-04
    8      6.3127987912E-03  -3.3560546103E-03  -2.4034329142E-04  -1.0826787730E-04  -7.4208580129E-04
    9     -1.4482166309E-03  -4.4615636521E-03  -4.9330207612E-05  -8.5506405662E-05  -5.3836252874E-05
   10     -6.2469389434E-03  -5.9276394968E-03   8.9012570414E-05   5.9035103521E-05   1.1869330081E-04
   11      4.2407036525E-03  -6.8910684006E-04  -2.0086564228E-04  -1.7218413380E-04  -1.6482077441E-04
   12     -1.0214807793E-02   1.6701891111E-02  -4.1356792718E-04   7.2966305853E-04   1.7142241395E-04
   13     -4.4585725591E-02  -3.9829744797E-03   6.1357489048E-04  -6.4796073213E-06   2.7835570516E-04
   14      3.0138551182E-02   4.2004285469E-02   2.7033362165E-04   4.6401181893E-04  -8.3991389922E-04
   15     -1.7941926845E-02  -2.2340473500E-02   4.7366904683E-03  -1.3434980109E-03  -2.3742676246E-03
   16     -1.5486303347E-02  -1.9130278811E-02  -1.6611043097E-03  -1.1258307094E-03   4.0313497684E-03
   17     -2.2197816996E-02  -2.7368465434E-02  -2.1079237104E-03   4.5574523986E-03  -5.4900117706E-04
   18      2.2499637715E-02   9.0495627286E-04   3.9741951000E-03  -1.3605680399E-02   1.0805224382E-02
   19      3.1005862868E-02   5.3667395521E-02   8.6653089879E-04  -1.3231862336E-02   1.6495947704E-02
   20      1.8559006218E-02  -3.5460249046E-02  -1.5227392558E-03  -7.6341227245E-03   8.3972660943E-03
   21     -4.3199130755E-03  -1.3497978443E-01  -1.3402631163E-01  -1.3206082446E-01  -4.5028562294E-02
   22     -1.1938303677E-01  -1.5811112407E-02  -1.3190738859E-01  -2.3658523248E-01  -5.2212341415E-02
   23      3.5987712904E-02  -2.8012861198E-01  -4.5159424788E-02  -5.2471434776E-02  -7.0205756861E-02
   24      1.6552541376E-01   1.9966218952E-01  -3.9992053705E-03   1.6583482754E-03  -1.5260926122E-02
   25      6.3929103378E-01  -1.4622136876E-01  -1.2781755611E-02   4.5947853876E-03  -2.1544518451E-02
   26     -1.4622136876E-01   6.0165075707E-01  -2.9723919916E-03   2.5224429133E-03  -2.7885826158E-03
   27     -1.2781755611E-02  -2.9723919916E-03   1.3119128612E-01   1.4330907399E-01   5.2031121914E-02
   28      4.5947853876E-03   2.5224429133E-03   1.4330907399E-01   2.4448084237E-01   5.3610231337E-02
   29     -2.1544518451E-02  -2.7885826158E-03   5.2031121914E-02   5.3610231337E-02   6.7923298546E-02
   30     -1.2002176454E-02  -1.9359680525E-04  -2.3488040044E-03   1.5453162372E-03   2.4800025541E-03
   31     -2.3522401744E-01   1.4600089666E-01   1.7393911143E-03  -2.9788686634E-04  -7.8888193005E-04
   32      1.4696601745E-01  -1.6443004070E-01   2.3223351019E-03  -1.0986315019E-03   1.9069351649E-04
   33     -8.9611168397E-04  -1.6720538414E-03  -5.1410809175E-04   2.1416150880E-04   3.1254779040E-04
   34     -1.0094731028E-03   4.4825773584E-03   2.2153385034E-04  -1.2685790256E-04  -2.1252416394E-04
   35      3.7808754237E-03  -1.4206452221E-03   3.0717229995E-04  -2.2439719450E-04  -1.0695748332E-04
   36      3.5616973220E-05  -9.2806331679E-05   3.1676314169E-05  -5.8206502577E-04   5.0577785956E-04
   37     -2.2542977680E-05  -8.6463712864E-04   8.0536811021E-05  -6.5248811167E-04   7.1277533946E-04
   38     -6.7446165136E-04  -3.0822677052E-04  -5.8963065521E-05  -3.9326922443E-04   2.6263216344E-04
   39     -2.3007946542E-03  -1.7947536106E-03  -2.3511965005E-03   1.6055772830E-03   1.6307321416E-03
   40     -2.3416727465E-03   3.9520949989E-03   1.3962617317E-03   3.7892190404E-04  -1.5283572277E-03
   41      4.2087164680E-03   7.4462258653E-04   1.8109620599E-03  -1.1798345986E-03  -1.2420956748E-04
                   30                 31                 32                 33                 34        
    0      4.6201674747E-03  -2.6243631970E-07  -3.6781263350E-04   3.9212654635E-03  -1.3503084801E-02
    1     -1.2495698258E-02  -1.3353853503E-02  -5.3451615692E-03  -1.0032168897E-03  -1.3363240530E-02
    2      1.0271419350E-02   1.5514326348E-02   8.7754911164E-03  -7.0790041007E-04  -6.9814586964E-03
    3     -2.5725489292E-03   1.9083895863E-03   1.7221663630E-03  -3.8319475870E-03  -1.1707665874E-03
    4      5.5140834673E-04  -3.5682817544E-03   6.2762302591E-05   2.4295202665E-04  -3.6331376765E-03
    5      2.9040795259E-03   2.3294382028E-03  -1.7713517850E-03   1.0699018042E-03  -2.7226740464E-03
    6      7.4656452569E-04   3.3143412814E-04   3.2394418651E-04  -4.5150187156E-04   6.4537598581E-04
    7      7.8572981913E-04   1.2394699875E-03   6.1540320355E-04   1.4471950481E-03   2.8919797842E-03
    8     -9.0273057606E-05  -1.7820865160E-04   4.0615945539E-04  -2.4280627846E-03  -1.0825153843E-03
    9     -6.2170156652E-04   1.2932710597E-03  -2.5655202966E-03   3.8056748783E-04   3.0430496079E-04
   10      4.5738969376E-04   2.8565909854E-03  -1.5034910034E-03  -1.9894049365E-04   1.2241862611E-03
   11     -1.8648537270E-03  -1.2637307728E-04  -2.6114679232E-03   1.3913403655E-04  -2.1512160852E-04
   12      1.2753638812E-03  -4.2039736297E-03  -2.9364763456E-03  -1.3698636940E-01  -1.3486454787E-01
   13     -3.7807779202E-03  -1.0888483516E-03  -9.5990324931E-04  -1.3548148522E-01  -2.3844906386E-01
   14     -3.2904669950E-03  -1.6644327349E-03   1.1002332992E-03  -4.6857856027E-02  -5.5471150002E-02
   15     -9.7033242013E-04   2.5621134929E-04  -5.8174206410E-05  -2.1058677613E-03   1.7063134638E-03
   16      1.8457304126E-04   2.1079850764E-04  -7.8292714273E-04  -1.1928898194E-02   6.1649008128E-03
   17      3.1253528123E-06  -6.6020114183E-04  -4.9250867902E-04  -2.7110756739E-03   2.3837790582E-03
   18      3.1107953272E-03  -2.5403507239E-03  -5.1431468506E-03   3.8953768131E-03  -1.5526600631E-03
   19     -2.6136966546E-03   2.0917782476E-03   2.4301397583E-04  -1.4750652382E-03   2.1145343140E-03
   20     -5.0823466810E-03   3.7155219503E-04  -1.3035054285E-03  -4.7440298139E-03   1.9875495668E-03
   21      5.7649658323E-03  -1.2931877878E-03   1.3569747442E-03  -5.8783804126E-04   7.0097163377E-04
   22      1.2340642630E-02   6.4458784129E-03   1.9873175460E-02   7.7894619489E-04   2.2439296749E-04
   23     -1.0270872763E-02  -2.8609936202E-03  -9.0567927847E-03   1.3612557101E-04   6.9659866005E-05
   24     -4.5777914312E-02  -1.2582940154E-02   2.7356297843E-04   3.7211562944E-03  -4.7834107318E-04
   25     -1.2002176454E-02  -2.3522401744E-01   1.4696601745E-01  -8.9611168397E-04  -1.0094731028E-03
   26     -1.9359680525E-04   1.4600089666E-01  -1.6443004070E-01  -1.6720538414E-03   4.4825773584E-03
   27     -2.3488040044E-03   1.7393911143E-03   2.3223351019E-03  -5.1410809175E-04   2.2153385034E-04
   28      1.5453162372E-03  -2.9788686634E-04  -1.0986315019E-03   2.1416150880E-04  -1.2685790256E-04
   29      2.4800025541E-03  -7.8888193005E-04   1.9069351649E-04   3.1254779040E-04  -2.1252416394E-04
   30      3.6770105090E-02   1.4879764609E-02   4.7578883130E-03   5.5289128241E-04  -8.2232780483E-04
   31      1.4879764609E-02   2.4115827385E-01  -1.5845066295E-01  -1.0282567287E-04  -4.7353146194E-04
   32      4.7578883130E-03  -1.5845066295E-01   1.6929324793E-01  -2.7553523376E-04  -3.1251660821E-04
   33      5.5289128241E-04  -1.0282567287E-04  -2.7553523376E-04   1.3477226589E-01   1.4705947528E-01
   34     -8.2232780483E-04  -4.7353146194E-04  -3.1251660821E-04   1.4705947528E-01   2.4461704942E-01
   35      3.3416204743E-04   8.8880979359E-04   5.7444519707E-04   5.5341371002E-02   5.9147970571E-02
   36     -4.5504895806E-04   2.9374031166E-04   3.4280537579E-04  -2.3679144578E-03   1.5188720003E-03
   37      3.0054847728E-04  -1.2458001152E-04  -8.2883950821E-05   1.7092008165E-03  -2.9826316625E-04
   38      3.3720566124E-04  -9.5280918950E-05  -1.6808676528E-04   2.3122699922E-03  -1.1480226199E-03
   39     -9.4503223468E-05   2.7599667523E-05   2.4533689500E-04  -3.9797602459E-04   2.5210995427E-04
   40      6.6304281559E-04   1.2820938915E-04   7.7744523008E-04  -3.8261642054E-04   1.1652414217E-04
   41     -2.9382116702E-04  -2.8162780661E-04  -5.0651644742E-04   9.0719199915E-05   1.0265568328E-04
                   35                 36                 37                 38                 39        
    0      9.9197127040E-03   3.0486712473E-03  -2.1039327583E-03  -5.1480764339E-03   8.0397473270E-05
    1      1.3866812527E-02  -2.6994137037E-03   2.2200968005E-03  -2.5445292800E-04  -4.0873032216E-04
    2      9.5639140059E-03  -4.6313620002E-03   7.4535263595E-04  -1.1534173820E-03   5.1789583692E-04
    3      2.2543632076E-03   8.0216799273E-04  -5.2020984772E-04   4.1080783524E-04  -9.2981324157E-04
    4     -4.5958139920E-04   5.4449010077E-04   3.9067726118E-04   1.2802072385E-03   4.0936016464E-04
    5     -4.5708916429E-04  -4.9770116738E-04  -4.9668903493E-04   4.1953839553E-04   6.6049146390E-04
    6     -1.7096519819E-03  -3.5432515064E-05   1.0825223869E-04  -1.9299235145E-04   5.7988540679E-05
    7      2.8875287288E-04  -6.4783869555E-05   5.9167237565E-05  -1.3904559451E-04   2.2974506689E-05
    8     -2.6538835872E-03  -4.8783311244E-05   1.5158383461E-04  -1.8370685639E-04  -1.8055184419E-04
    9     -2.7826897144E-04  -4.6823624217E-04   1.3591573118E-04  -1.7861853270E-04   7.9316427508E-05
   10     -9.8297539068E-04   2.6173265515E-04  -1.0676436908E-04   1.5884792218E-04   3.0682315044E-05
   11      7.7916486497E-04  -2.8926308907E-04  -5.0908701019E-05  -8.6611739307E-04  -1.5040502943E-04
   12     -4.7365108830E-02   4.3919244469E-03  -1.4377201233E-03   1.3607533042E-03   3.1229901031E-03
   13     -5.6517464052E-02   1.2987674624E-02   4.8935014692E-03   2.1169164071E-02  -4.7931317956E-03
   14     -7.0469208634E-02  -1.0931732464E-02  -2.8946461335E-03  -1.1435698850E-02  -2.5565014933E-03
   15     -1.4332085005E-02  -4.6641085442E-02  -1.3976690838E-02  -9.8549701459E-06  -2.9863317760E-03
   16     -2.0338872394E-02  -1.4151035929E-02  -2.3350599707E-01   1.4180265494E-01   9.8710548249E-04
   17     -9.3796720400E-04   1.4137899857E-04   1.4208104936E-01  -1.6036177693E-01  -1.4715418479E-02
   18     -4.6736024946E-03   3.6930145640E-03   4.9628298528E-04  -1.6588999401E-03  -1.2408648767E-01
   19      2.1160642549E-03  -1.3973976338E-02  -1.3262179989E-02  -8.2209585137E-03  -6.0853885817E-03
   20     -2.1072961666E-03   1.0661493898E-02   1.5902989579E-02   8.6697947044E-03  -1.3213318683E-01
   21      2.0199973229E-04   2.5099624866E-03  -4.6665801844E-03  -3.2606758587E-03   5.5678088108E-03
   22      1.9681026509E-04  -4.3502671593E-03  -1.1991527901E-03  -4.0000772652E-04  -1.8185965631E-03
   23     -8.9832256863E-04  -3.5278001298E-03  -9.3121393267E-04   1.7525594192E-03   1.9399211950E-03
   24     -2.0253574208E-03  -9.2591318891E-04  -7.7754750130E-05   3.7367749277E-06   4.8537324101E-03
   25      3.7808754237E-03   3.5616973220E-05  -2.2542977680E-05  -6.7446165136E-04  -2.3007946542E-03
   26     -1.4206452221E-03  -9.2806331679E-05  -8.6463712864E-04  -3.0822677052E-04  -1.7947536106E-03
   27      3.0717229995E-04   3.1676314169E-05   8.0536811021E-05  -5.8963065521E-05  -2.3511965005E-03
   28     -2.2439719450E-04  -5.8206502577E-04  -6.5248811167E-04  -3.9326922443E-04   1.6055772830E-03
   29     -1.0695748332E-04   5.0577785956E-04   7.1277533946E-04   2.6263216344E-04   1.6307321416E-03
   30      3.3416204743E-04  -4.5504895806E-04   3.0054847728E-04   3.3720566124E-04  -9.4503223468E-05
   31      8.8880979359E-04   2.9374031166E-04  -1.2458001152E-04  -9.5280918950E-05   2.7599667523E-05
   32      5.7444519707E-04   3.4280537579E-04  -8.2883950821E-05  -1.6808676528E-04   2.4533689500E-04
   33      5.5341371002E-02  -2.3679144578E-03   1.7092008165E-03   2.3122699922E-03  -3.9797602459E-04
   34      5.9147970571E-02   1.5188720003E-03  -2.9826316625E-04  -1.1480226199E-03   2.5210995427E-04
   35      6.8119429078E-02   2.4696355363E-03  -8.3623457102E-04   2.0825413327E-04  -4.4989743725E-04
   36      2.4696355363E-03   3.8467154752E-02   1.8162977656E-02   4.1175958785E-03  -2.0509409995E-03
   37     -8.3623457102E-04   1.8162977656E-02   2.4121442812E-01  -1.5256552807E-01   1.7976412720E-03
   38      2.0825413327E-04   4.1175958785E-03  -1.5256552807E-01   1.6359602064E-01   1.9609964418E-03
   39     -4.4989743725E-04  -2.0509409995E-03   1.7976412720E-03   1.9609964418E-03   1.1913501567E-01
   40     -9.5477968205E-04   2.0079702183E-03   3.9409759583E-04  -5.2142884404E-04   1.0274361957E-02
   41     -1.9383724909E-04   1.7854762110E-03  -8.6942730084E-04  -4.3176850850E-04   1.4502491064E-01
                   40                 41        
     0     -4.1190763925E-04   5.2137487493E-04
     1     -1.1328612015E-03   2.6219765648E-04
     2      2.6188837257E-04   6.2040261231E-04
     3      4.0849144683E-04   6.5761918982E-04
     4     -4.5099062815E-04  -2.4492670107E-04
     5     -2.3693600304E-04  -2.2714449415E-04
     6      5.5794207641E-06  -1.5979563258E-04
     7      2.3088446422E-04  -2.4464115857E-05
     8     -6.0714942326E-05  -9.3893853748E-05
     9      4.9154367140E-05  -1.6659803371E-04
    10      2.3218299421E-04  -1.1406736241E-05
    11      1.4299243731E-05  -1.1527252501E-04
    12     -4.6343638699E-03  -2.6865037594E-03
    13     -2.3996657036E-03   1.1154920052E-04
    14      3.7006422640E-04   2.5360435819E-03
    15     -1.3371589909E-02  -2.4688502261E-03
    16      4.1955300043E-03   2.6298541233E-03
    17     -2.1331936898E-02  -1.0229279302E-03
    18     -6.0902199162E-03  -1.3215303393E-01
    19     -5.5435323730E-02   1.4816039990E-03
    20      1.4663780814E-03  -2.6358532025E-01
    21      1.2542075392E-02  -1.0301482132E-02
    22      4.4808774374E-03  -2.3209395284E-03
    23      2.1654962020E-02  -9.8714309924E-03
    24     -2.4570102801E-03  -1.6605471972E-03
    25     -2.3416727465E-03   4.2087164680E-03
    26      3.9520949989E-03   7.4462258653E-04
    27      1.3962617317E-03   1.8109620599E-03
    28      3.7892190404E-04  -1.1798345986E-03
    29     -1.5283572277E-03  -1.2420956748E-04
    30      6.6304281559E-04  -2.9382116702E-04
    31      1.2820938915E-04  -2.8162780661E-04
    32      7.7744523008E-04  -5.0651644742E-04
    33     -3.8261642054E-04   9.0719199915E-05
    34      1.1652414217E-04   1.0265568328E-04
    35     -9.5477968205E-04  -1.9383724909E-04
    36      2.0079702183E-03   1.7854762110E-03
    37      3.9409759583E-04  -8.6942730084E-04
    38     -5.2142884404E-04  -4.3176850850E-04
    39      1.0274361957E-02   1.4502491064E-01
    40      5.1603286078E-02  -3.8634644597E-03
    41     -3.8634644597E-03   2.7227125304E-01

$vibrational_frequencies
42
    0        0.0000000000000000
    1        0.0000000000000000
    2        0.0000000000000000
    3        0.0000000000000000
    4        0.0000000000000000
    5        0.0000000000000000
    6       50.5528592382897841
    7      170.6596834382810641
    8      261.8137683369329807
    9      403.9547964367414465
   10      421.2323743026281022
   11      454.4268063720710416
   12      535.1462201285478386
   13      623.9678863312927888
   14      701.8884595024072723
   15      702.4832984535729565
   16      725.3466468993730132
   17      817.3218947057387140
   18      859.9801657009551263
   19      879.6972283663931194
   20      975.7067022305211594
   21     1016.8885127359377520
   22     1018.8282913548958959
   23     1038.6298811584131272
   24     1047.4114874681963556
   25     1091.2407757129908532
   26     1126.0007615134059051
   27     1161.3766097267002806
   28     1177.4662521078296322
   29     1317.9168930282942256
   30     1382.4219518642066760
   31     1412.4965447064751061
   32     1484.3102977034448031
   33     1503.5144618766339590
   34     1623.4318308075748973
   35     1641.3315000509333004
   36     1673.1187371448627346
   37     3189.9392034039551618
   38     3200.1246357576274022
   39     3207.4749962633809446
   40     3234.7711197087464825
   41     3235.5866536963853832

$normal_modes
42 42
                    0                  1                  2                  3                  4        
    0      0.0000000000E+00   0.0000000000E+00   0.0000000000E+00   0.0000000000E+00   0.0000000000E+00
    1      0.0000000000E+00   0.0000000000E+00   0.0000000000E+00   0.0000000000E+00   0.0000000000E+00
    2      0.0000000000E+00   0.0000000000E+00   0.0000000000E+00   0.0000000000E+00   0.0000000000E+00
    3      0.0000000000E+00   0.0000000000E+00   0.0000000000E+00   0.0000000000E+00   0.0000000000E+00
    4      0.0000000000E+00   0.0000000000E+00   0.0000000000E+00   0.0000000000E+00   0.0000000000E+00
