
$orca_hessian_file

$act_atom
  0

$act_coord
  0

$act_energy
        0.000000

$multiplicity
  1

$hessian
48
                    0                  1                  2                  3                  4        
    0      5.3392566341E-01   8.1148762493E-02  -2.7994650452E-03  -1.7525655228E-01   3.2286359060E-02
    1      8.1148762493E-02   4.8035650330E-01   6.0528470754E-02   3.8191904611E-02  -8.8884124546E-02
    2     -2.7994650452E-03   6.0528470754E-02   5.8356402279E-01  -7.6655572048E-04  -4.3435896774E-04
    3     -1.7525655228E-01   3.8191904611E-02  -7.6655572048E-04   4.4550491347E-01  -6.1426999893E-02
    4      3.2286359060E-02  -8.8884124546E-02  -4.3435896774E-04  -6.1426999893E-02   5.4270565221E-01
    5     -4.1395590645E-04   3.5450142407E-03  -8.2400250323E-02   5.9410237554E-03  -3.5542365875E-02
    6     -7.4676041299E-02  -1.1865500180E-02   8.5719822905E-03  -3.0843689456E-03   2.5344028693E-02
    7     -1.1913088086E-03  -1.5787426986E-01   4.4577391588E-02   1.5009344287E-02  -2.2904243526E-02
    8      3.6615091777E-03   3.7267958669E-02  -1.0285972311E-01  -4.8135880040E-03   2.3821016036E-03
    9     -3.6413192086E-02  -1.6257242405E-02  -7.2525397825E-03  -9.6653412701E-02  -2.5081126173E-02
   10     -5.2756382553E-03   1.4546227265E-02  -2.1003368496E-03  -4.2364749145E-02  -1.5196887427E-01
   11     -2.2573019623E-03   2.3491635544E-03  -1.1322518308E-03   4.3266353142E-03   3.8281776813E-03
   12     -1.1783022375E-02  -1.8710225878E-02  -7.0702984279E-04   6.4271900535E-03  -5.9143332894E-03
   13     -3.0311489890E-02  -2.9957438311E-02  -5.6291387507E-03   5.4116913337E-03  -4.9018248884E-02
   14      1.1816579998E-02   3.6054730713E-03   4.3829136458E-03  -2.1063927627E-03   5.6977009352E-03
   15      6.7856143314E-04  -5.6119400551E-03  -1.0648530363E-03  -3.2409590397E-02  -1.5073488674E-02
   16     -3.2348632453E-03  -7.5233813163E-03  -9.0906379156E-04  -3.4138288961E-02   8.6026314507E-03
   17      1.4900339796E-04  -1.5561821774E-03   1.7200377299E-03  -9.0920588223E-03  -1.7171759699E-03
   18     -4.9855151606E-03  -1.7176552070E-03  -2.1982771160E-03  -2.2629692688E-03   3.4902019886E-03
   19      1.3220899310E-03   1.0700404242E-03   6.7408200530E-04   1.8038361836E-03   9.0914649532E-04
   20     -1.5429155589E-03  -2.5478529631E-04   5.1267397941E-04  -2.0106603299E-03   1.2713846565E-03
   21     -8.4051157156E-03   1.3399546447E-02   2.6386225560E-02  -5.8009348208E-02   3.0863340013E-02
   22      4.4971312197E-04  -2.7336997697E-03  -5.3780856988E-03   3.3771041898E-02  -1.0968951165E-01
   23      5.5105804896E-05   2.4062857534E-03   2.8687321504E-03   5.3607260033E-02  -1.0881407771E-01
   24     -3.0037856315E-03   1.7828449309E-02  -2.2074562328E-02  -5.7805912107E-02   3.0329682388E-02
   25      2.7216579564E-04  -3.4599577653E-03   2.9333391893E-03   2.9641001951E-02  -1.3290245088E-01
   26      1.2845795787E-03  -2.4017301807E-03   2.0844393472E-03  -4.3820230120E-02   1.2912038432E-01
   27     -8.1200935365E-02   5.7200656601E-03   8.6968042038E-02  -1.1723188408E-02   4.4741611946E-03
   28      6.3827733960E-03  -4.8873312027E-02  -2.7514477983E-02   5.9182447156E-03  -2.2500516429E-03
   29      8.9063822582E-02  -2.5361828031E-02  -2.7782484403E-01  -2.0341349594E-03   2.0472214223E-04
   30     -1.4452730897E-01  -9.7931665884E-02  -8.6334575896E-02  -1.5099244536E-02  -1.7652442639E-02
   31     -9.8879985297E-02  -1.4384409291E-01  -8.6041131011E-02   9.0668042443E-03   9.7962537294E-03
   32     -9.0481482147E-02  -8.9690068917E-02  -1.2554314414E-01   1.1560926170E-03   2.5792588711E-04
   33      6.2939320348E-03  -3.6815830141E-03  -2.9611814242E-03   4.7271716225E-05  -1.0233917316E-03
   34      1.7895411307E-02  -1.4426363007E-02  -8.2796868639E-03  -1.5277039671E-03  -3.7221723294E-03
   35     -9.8001794875E-03   9.6524064054E-03   3.4519530812E-03  -2.6613471518E-04   2.7361431633E-03
   36     -4.6657534628E-04  -5.1946916084E-04   4.7139397042E-03  -3.1486798615E-05  -2.4662807280E-04
   37     -2.5197227100E-04   1.8010549455E-03   2.8138966822E-02  -3.9497462241E-04   5.8858420211E-04
   38      1.3813027204E-03  -3.7039608039E-04  -9.2860534145E-03  -6.8932293424E-05   6.0492039061E-04
   39      2.1173463714E-04   5.3796396419E-05   9.0821882443E-05   9.2580213392E-05  -1.0354233223E-04
   40      2.4457924362E-04   1.2212626290E-04   2.2257053319E-04   3.2425147359E-04  -6.7723858708E-04
   41     -1.5715752816E-04  -5.5574848317E-05   1.0552677458E-06  -1.3347853444E-04   2.0825475499E-04
   42     -6.1028806279E-04  -7.2555982391E-05  -5.0568094479E-04   2.8747465796E-05   5.2362408375E-05
   43     -1.3027598036E-03  -2.6573800807E-04  -5.0677969953E-04   1.3440598018E-04   2.8160237248E-04
   44      6.1182743875E-05   2.1302725964E-04   2.5207762269E-04  -2.2305026955E-06   2.2254660058E-05
   45      2.1844077417E-04   1.8860149509E-05  -3.0730561991E-05   2.3537072865E-04  -3.2122433262E-04
   46      4.5261592278E-04  -5.3574676495E-05  -2.7112255048E-04   5.8323130122E-04  -8.6695414749E-04
   47     -5.6188144756E-05   1.1212709657E-04   2.0836122421E-04   9.6510551505E-05   2.1451372244E-04
                    5                  6                  7                  8                  9        
    0     -4.1395590645E-04  -7.4676041299E-02  -1.1913088086E-03   3.6615091777E-03  -3.6413192086E-02
    1      3.5450142407E-03  -1.1865500180E-02  -1.5787426986E-01   3.7267958669E-02  -1.6257242405E-02
    2     -8.2400250323E-02   8.5719822905E-03   4.4577391588E-02  -1.0285972311E-01  -7.2525397825E-03
    3      5.9410237554E-03  -3.0843689456E-03   1.5009344287E-02  -4.8135880040E-03  -9.6653412701E-02
    4     -3.5542365875E-02   2.5344028693E-02  -2.2904243526E-02   2.3821016036E-03  -2.5081126173E-02
    5      5.8212088303E-01  -1.6164002028E-02   9.6110229929E-03  -1.8207893912E-03  -7.6778420557E-04
    6     -1.6164002028E-02   5.2173239610E-01  -9.0983380474E-02  -5.3451001719E-03  -5.1715717292E-02
    7      9.6110229929E-03  -9.0983380474E-02   5.1575274239E-01   2.0102103386E-02   1.0824592985E-02
    8     -1.8207893912E-03  -5.3451001719E-03   2.0102103386E-02   5.7224086434E-01  -9.2004994647E-03
    9     -7.6778420557E-04  -5.1715717292E-02   1.0824592985E-02  -9.2004994647E-03   9.4694470513E-01
   10      1.3568797469E-03   1.7517858564E-02   1.7677884425E-02  -1.2010790909E-03   2.7853750339E-02
   11     -8.7674949152E-02  -1.8026228978E-02  -8.0412107320E-04  -9.0057534524E-03   1.8079645513E-01
   12      1.9809347041E-03  -1.9121580891E-01  -2.5133528136E-02  -4.2708706895E-02  -1.6483300701E-01
   13      1.0839956199E-02  -2.8666274579E-02  -1.0973600611E-01  -6.0245722080E-04   5.1559184627E-02
   14      1.0459279747E-02  -3.7794365764E-02   1.5862402779E-03  -8.0050794328E-02  -4.5289099775E-02
   15     -1.0166221502E-02   1.2794964551E-02   8.8965061071E-03  -1.8874533586E-03  -6.2283477650E-01
   16     -6.3998736567E-03  -8.2872800419E-04  -6.1241268044E-03   1.9721422714E-03  -5.3151858221E-02
   17      1.4233170809E-02   1.5208066444E-03   5.2761653632E-03   7.4680761800E-03  -1.2797757332E-01
   18     -2.9345490409E-03  -7.9543901158E-03  -2.9500706911E-02   7.7969736007E-03   2.4227029984E-02
   19      2.9304054289E-03  -7.2138471450E-03  -6.7402619098E-03  -3.4448998596E-04   7.4456928384E-03
   20      7.4890033296E-03   7.2001829343E-04  -8.6749884593E-03  -1.1988805855E-03   7.3568354715E-03
   21      5.0137004099E-02  -4.5906495513E-04  -1.2607011545E-04  -1.0612445354E-04   4.9424605481E-03
   22     -1.1103838379E-01  -4.9300302238E-04  -2.5266742108E-04  -6.2969281333E-04   7.3472257134E-03
   23     -2.2644437868E-01   6.6646436505E-04   1.2212711832E-05   4.3721347052E-04  -4.8152155106E-04
   24     -4.3319024875E-02  -5.9608741212E-03   3.7951883151E-04   1.5713302403E-04   4.2175693722E-03
   25      1.2573998825E-01   3.1536686419E-04  -1.0951354622E-03   5.3488093149E-04   7.4138240747E-03
   26     -2.1908050300E-01   6.9596344634E-04  -1.1344008195E-03   1.1724393167E-03  -9.6617569644E-04
   27      2.7052302475E-02  -6.3536951708E-04   1.6926591301E-03  -3.5808195462E-04   2.9550317984E-04
   28     -1.0807056371E-02  -9.6608977687E-03   5.3441360432E-04   2.9759143068E-02   3.5960715037E-04
   29      3.5240135693E-03   2.3750524495E-03  -4.3096132688E-04  -1.2025858446E-02  -2.4325804047E-04
   30     -1.2293395784E-02  -5.8883969138E-04   6.4380325293E-04   6.1715323632E-04  -3.0801881473E-03
   31      7.3745300290E-03  -1.6047043218E-02  -1.2473262385E-02  -1.5500569413E-02   2.5537822496E-03
   32     -1.1653538427E-04   9.8022578561E-03   8.5560159853E-03   6.9796883396E-03   1.0528579516E-03
   33      7.1431664730E-04  -1.5582951877E-01   1.0836610417E-01   6.2409359725E-02  -3.4822661509E-04
   34      1.6427816783E-03   1.1444613489E-01  -1.6339457491E-01  -6.6972086374E-02  -1.2979932801E-03
   35     -8.3180059486E-05   6.7467416107E-02  -7.0661195890E-02  -8.8217664928E-02  -2.1164699866E-03
   36      7.3590666814E-05  -4.7107809738E-02   2.3976156609E-03  -1.1983741892E-02   4.6003932106E-03
   37      5.0051445037E-04   2.2066876936E-03  -5.1179831927E-02  -1.0028813744E-02   1.7300652255E-03
   38      1.8007979168E-04  -1.3979938015E-02  -8.7029646930E-03  -2.9491123958E-01   2.9988659146E-03
   39      1.0715816015E-03   1.8691953939E-03  -6.7002302298E-04  -8.6141847333E-04  -2.6328467959E-03
   40      1.7223890791E-03   2.5168173887E-03   1.2289742779E-03   5.2233509264E-04  -7.7210801263E-03
   41     -4.3159093163E-04  -9.9320916034E-05  -5.8787230662E-05   2.4690789537E-04  -5.7452789139E-04
   42     -8.6403436764E-05   1.8808562738E-03  -1.2492932211E-03   1.1068101709E-03  -3.2559776230E-03
   43      1.2991770666E-04   1.1832562618E-03  -4.8103188042E-03   1.9280802327E-03  -4.9667983932E-03
   44      4.7458688832E-05   3.0144683712E-04   8.5914028376E-04   2.2423713078E-04  -4.9238443410E-04
   45     -8.3854267632E-04   9.5039104248E-04   6.3940308778E-04   1.5063981809E-03  -3.4603166648E-03
   46     -1.6462255034E-03   2.2332872076E-03   1.3906844384E-03   8.1689789808E-04  -8.6694585523E-03
   47     -1.7120410464E-06  -7.0307486476E-04  -1.1932760761E-04   1.3212771441E-03   3.1790116150E-03
                   10                 11                 12                 13                 14        
    0     -5.2756382553E-03  -2.2573019623E-03  -1.1783022375E-02  -3.0311489890E-02   1.1816579998E-02
    1      1.4546227265E-02   2.3491635544E-03  -1.8710225878E-02  -2.9957438311E-02   3.6054730713E-03
    2     -2.1003368496E-03  -1.1322518308E-03  -7.0702984279E-04  -5.6291387507E-03   4.3829136458E-03
    3     -4.2364749145E-02   4.3266353142E-03   6.4271900535E-03   5.4116913337E-03  -2.1063927627E-03
    4     -1.5196887427E-01   3.8281776813E-03  -5.9143332894E-03  -4.9018248884E-02   5.6977009352E-03
    5      1.3568797469E-03  -8.7674949152E-02   1.9809347041E-03   1.0839956199E-02   1.0459279747E-02
    6      1.7517858564E-02  -1.8026228978E-02  -1.9121580891E-01  -2.8666274579E-02  -3.7794365764E-02
    7      1.7677884425E-02  -8.0412107320E-04  -2.5133528136E-02  -1.0973600611E-01   1.5862402779E-03
    8     -1.2010790909E-03  -9.0057534524E-03  -4.2708706895E-02  -6.0245722080E-04  -8.0050794328E-02
    9      2.7853750339E-02   1.8079645513E-01  -1.6483300701E-01   5.1559184627E-02  -4.5289099775E-02
   10      5.6018057574E-01  -5.3519444716E-02   7.6405329326E-02  -2.5404722506E-01   6.4326983062E-02
   11     -5.3519444716E-02   2.7576673271E-01  -3.9944832007E-02   5.0371961533E-02  -7.3131626834E-02
   12      7.6405329326E-02  -3.9944832007E-02   6.1183021599E-01   9.7879392061E-03   1.3763863910E-01
   13     -2.5404722506E-01   5.0371961533E-02   9.7879392061E-03   7.1285993415E-01  -1.2614507168E-01
   14      6.4326983062E-02  -7.3131626834E-02   1.3763863910E-01  -1.2614507168E-01   1.8826380780E-01
   15     -6.5158653107E-02  -1.2762928972E-01  -7.7888543295E-02   4.3020134715E-02  -2.6229896140E-02
   16     -1.1237375045E-01  -7.0428899995E-03   4.7913782467E-02   1.2840052674E-02   1.2492651651E-02
   17     -8.3791063964E-03  -1.0638958948E-01  -3.1938245837E-02   1.0712675271E-02   9.3694346877E-03
   18      1.0346951924E-02   3.4289455712E-03  -1.2237417712E-01  -3.8650713982E-02  -6.1545172164E-03
   19     -4.1361536683E-02   1.0821892323E-02  -4.6241810396E-02  -2.1863181514E-01   2.4630874752E-02
   20      6.6458595224E-03  -2.9558784149E-03  -4.7411044259E-03   3.3213524479E-02  -7.4566839761E-02
   21     -7.8979806041E-03  -1.8408782850E-02  -3.7594966109E-04  -6.9596061546E-04   1.0448408036E-03
   22     -1.4615903862E-02  -2.3660530237E-02  -1.6027442169E-03  -2.3476525807E-03   7.3939251446E-04
   23      1.6505031807E-04   3.8278930383E-04  -1.1353562278E-03   2.6423326829E-04  -7.3080464920E-05
   24     -7.0708245285E-03   1.7850807707E-02  -1.0791815204E-03  -3.4280623002E-03  -8.8919066564E-04
   25     -1.4063391388E-02   2.1893145849E-02  -1.7514391781E-03  -3.8477692388E-03   2.7377006002E-05
   26     -4.1109767694E-03   2.8126122028E-03  -2.8964816182E-05  -1.1339308158E-04  -1.9852837955E-05
   27      1.9793956644E-03   5.2688180577E-04   2.5930243416E-04  -7.2614166287E-04   1.7828364338E-05
   28     -1.3484221538E-03  -2.7629463700E-04   9.4106989065E-04   3.8045880569E-04   2.3379816758E-04
   29      6.5153839950E-05   8.9533482159E-05   7.3010798240E-05   2.6931802859E-04   3.3345780991E-04
   30      4.7643277683E-03  -1.0838741075E-03   5.2787703646E-04  -1.0823818807E-03  -2.3710984780E-05
   31     -3.4051408113E-03   7.5872732113E-04  -3.8106738187E-04  -4.5618296004E-03   1.9315976564E-03
   32      1.7452237473E-03   1.1430478581E-04   9.4371670181E-04   3.2829959893E-03  -2.0105472820E-04
   33     -6.1759456721E-03   4.5774374189E-03  -3.0228645666E-02   2.1241359055E-02   4.8182888121E-03
   34     -1.9754833281E-03   4.1086267967E-04  -1.0455995092E-02   9.5369451227E-03   5.3213759565E-03
   35      1.6910708653E-04   3.7324675706E-05  -7.5394355661E-03   8.1532391785E-03   6.2125429900E-03
   36     -7.2510009577E-03  -1.6436538752E-03  -1.7807623112E-02  -5.7787357974E-04  -3.8099689621E-02
   37     -2.5466137996E-03   5.9420903750E-04  -6.1070690726E-03   2.1460789806E-03  -9.6934583418E-03
   38     -4.2795802031E-03   2.6592241272E-04  -1.2545593636E-02   8.1249296823E-04  -2.4178226497E-03
   39     -9.5199378630E-04  -4.5982443580E-04   9.1966529953E-03  -1.1762692632E-02  -8.8593639657E-03
   40      1.1493190348E-03  -5.1335161594E-03   1.5951415023E-02  -3.6378718617E-02  -9.8101110655E-03
   41      1.7886731948E-03  -1.4884017828E-04  -6.4733851107E-03   5.1421720914E-03   7.9739664689E-03
   42      2.1050286509E-03  -1.5659409065E-03  -1.2360744670E-02  -6.5008848946E-03  -1.9467949887E-03
   43      9.2533792187E-04  -1.2281567271E-03  -3.6637815871E-02  -5.6079252409E-03  -1.1125966703E-02
   44      5.6582723075E-04   8.1019419791E-04   6.8965307794E-03  -9.4698240930E-04   1.3516854651E-03
   45      1.2319757665E-03  -5.0962603896E-04   1.7054648224E-03  -8.6204790500E-03   1.2043902822E-02
   46      3.2269974161E-03   6.1453665454E-04   1.9391387278E-03  -2.3628840950E-02   3.6170467857E-02
   47     -3.2159568074E-03   1.5947557843E-04   2.4276425975E-04   1.0385149028E-02   2.1139829875E-03
                   15                 16                 17                 18                 19        
    0      6.7856143314E-04  -3.2348632453E-03   1.4900339796E-04  -4.9855151606E-03   1.3220899310E-03
    1     -5.6119400551E-03  -7.5233813163E-03  -1.5561821774E-03  -1.7176552070E-03   1.0700404242E-03
    2     -1.0648530363E-03  -9.0906379156E-04   1.7200377299E-03  -2.1982771160E-03   6.7408200530E-04
    3     -3.2409590397E-02  -3.4138288961E-02  -9.0920588223E-03  -2.2629692688E-03   1.8038361836E-03
    4     -1.5073488674E-02   8.6026314507E-03  -1.7171759699E-03   3.4902019886E-03   9.0914649532E-04
    5     -1.0166221502E-02  -6.3998736567E-03   1.4233170809E-02  -2.9345490409E-03   2.9304054289E-03
    6      1.2794964551E-02  -8.2872800419E-04   1.5208066444E-03  -7.9543901158E-03  -7.2138471450E-03
    7      8.8965061071E-03  -6.1241268044E-03   5.2761653632E-03  -2.9500706911E-02  -6.7402619098E-03
    8     -1.8874533586E-03   1.9721422714E-03   7.4680761800E-03   7.7969736007E-03  -3.4448998596E-04
    9     -6.2283477650E-01  -5.3151858221E-02  -1.2797757332E-01   2.4227029984E-02   7.4456928384E-03
   10     -6.5158653107E-02  -1.1237375045E-01  -8.3791063964E-03   1.0346951924E-02  -4.1361536683E-02
   11     -1.2762928972E-01  -7.0428899995E-03  -1.0638958948E-01   3.4289455712E-03   1.0821892323E-02
   12     -7.7888543295E-02   4.7913782467E-02  -3.1938245837E-02  -1.2237417712E-01  -4.6241810396E-02
   13      4.3020134715E-02   1.2840052674E-02   1.0712675271E-02  -3.8650713982E-02  -2.1863181514E-01
   14     -2.6229896140E-02   1.2492651651E-02   9.3694346877E-03  -6.1545172164E-03   2.4630874752E-02
   15      7.3290398795E-01   3.7559418799E-02   1.6908210371E-01  -6.9726765586E-03  -1.2205526005E-02
   16      3.7559418799E-02   9.4781700467E-02  -8.1973751546E-04   9.6366166071E-05   1.6569411619E-03
   17      1.6908210371E-01  -8.1973751546E-04   7.7058072507E-02  -1.0355211014E-03  -4.1855715413E-03
   18     -6.9726765586E-03   9.6366166071E-05  -1.0355211014E-03   5.9506226737E-01  -3.7393875545E-02
   19     -1.2205526005E-02   1.6569411619E-03  -4.1855715413E-03  -3.7393875545E-02   5.1074006421E-01
   20     -4.8646123836E-04  -1.0335552130E-03  -1.7654464790E-03   1.8188388010E-02   7.4330304877E-03
   21     -1.1796663826E-03   1.5811114800E-04   2.6367163404E-03   1.6192763938E-04   1.5499188413E-04
   22     -3.2772875598E-04   1.0184148400E-03   2.7758247562E-03   1.1332058015E-04   3.3107050108E-04
   23     -3.0304189014E-04  -3.8976825772E-04   7.3361145306E-04   7.4739441320E-05  -7.5227889573E-05
   24      8.6822711100E-04   9.0162211703E-04  -1.6412257286E-03   8.7143076205E-04  -3.8096781010E-04
   25      1.1953897951E-03   2.3035240394E-03  -2.4577595188E-03   1.1219868357E-03  -4.3138510513E-04
   26      1.0802279335E-03   2.5129676300E-04   3.9629137538E-04   1.1736162040E-05  -3.3148332726E-04
   27     -5.4352251593E-04  -5.9161223267E-04  -4.0102572115E-04   8.1673039484E-05  -7.2810150788E-05
   28     -2.2632932496E-05   4.1288367486E-04   1.2059885685E-04  -1.8499912555E-04  -1.1264571563E-04
   29      3.5263828897E-04   5.3657084168E-05  -6.6888645916E-05   1.5483577168E-04  -2.9046484549E-04
   30     -2.2670895998E-03  -2.3769080621E-03  -1.0139239778E-04   2.5350949541E-04   4.8390831379E-04
   31      3.0270557410E-04   1.3260181365E-03  -1.7918884962E-04  -1.2603028638E-03   8.5294399478E-04
   32      5.6967890423E-05  -1.7498053369E-04   6.9756063758E-05   7.8533115735E-04  -2.1985974601E-04
   33     -3.3332475866E-03   1.4389852213E-03  -2.4510162530E-03   1.4420418487E-03   2.2084973970E-03
   34     -4.2998636287E-04   8.3154725936E-04  -7.7903309686E-04  -5.5752367386E-04   1.6532260454E-03
   35     -8.3161246309E-05   2.4757170256E-04  -5.8102041329E-04   2.1625079835E-04   5.6674849878E-04
   36     -4.4057077918E-03   1.5179289247E-03   6.9802838341E-04   1.2537154918E-03   2.6342454461E-03
   37     -1.3018005500E-03   5.1482369798E-04  -3.2847531654E-04   4.6812510438E-04   1.4438942072E-03
   38     -2.1908839406E-03   5.8316894864E-04  -3.7173382896E-04   1.0203485071E-04   7.6583444170E-04
   39      1.4050374956E-03   1.0977704354E-03  -3.2743088856E-04  -1.3156336405E-01   9.4935319194E-02
   40      3.1082563383E-03   3.2537005177E-04   4.3477400177E-04   9.0848821501E-02  -1.4755167923E-01
   41      5.5787879183E-04   2.1567250371E-04  -1.1788259034E-04   8.0351951421E-02  -9.0892756517E-02
   42      1.5352449435E-03   2.6873735934E-03   1.1393313227E-04  -2.9803556462E-01  -1.1993218632E-02
   43      2.8310113619E-03   1.1455073667E-03   3.4948063391E-04  -7.7157316261E-04  -4.7757909247E-02
   44      2.9443308366E-04   4.0450613276E-04  -1.2946819670E-03  -8.1113322159E-02  -3.7289397219E-03
   45      1.6487971371E-03   8.7775198653E-04   7.9396114528E-04  -4.9204938730E-02   4.5561323804E-03
   46      3.2914816181E-03   2.6184374786E-04   7.5293918570E-04   3.5089184864E-03  -5.6070094018E-02
   47     -1.4120503200E-03   5.2897422445E-04  -4.6120739826E-04  -1.7651326510E-02   5.2265869599E-02
                   20                 21                 22                 23                 24        
    0     -1.5429155589E-03  -8.4051157156E-03   4.4971312197E-04   5.5105804896E-05  -3.0037856315E-03
    1     -2.5478529631E-04   1.3399546447E-02  -2.7336997697E-03   2.4062857534E-03   1.7828449309E-02
    2      5.1267397941E-04   2.6386225560E-02  -5.3780856988E-03   2.8687321504E-03  -2.2074562328E-02
    3     -2.0106603299E-03  -5.8009348208E-02   3.3771041898E-02   5.3607260033E-02  -5.7805912107E-02
    4      1.2713846565E-03   3.0863340013E-02  -1.0968951165E-01  -1.0881407771E-01   3.0329682388E-02
    5      7.4890033296E-03   5.0137004099E-02  -1.1103838379E-01  -2.2644437868E-01  -4.3319024875E-02
    6      7.2001829343E-04  -4.5906495513E-04  -4.9300302238E-04   6.6646436505E-04  -5.9608741212E-03
    7     -8.6749884593E-03  -1.2607011545E-04  -2.5266742108E-04   1.2212711832E-05   3.7951883151E-04
    8     -1.1988805855E-03  -1.0612445354E-04  -6.2969281333E-04   4.3721347052E-04   1.5713302403E-04
    9      7.3568354715E-03   4.9424605481E-03   7.3472257134E-03  -4.8152155106E-04   4.2175693722E-03
   10      6.6458595224E-03  -7.8979806041E-03  -1.4615903862E-02   1.6505031807E-04  -7.0708245285E-03
   11     -2.9558784149E-03  -1.8408782850E-02  -2.3660530237E-02   3.8278930383E-04   1.7850807707E-02
   12     -4.7411044259E-03  -3.7594966109E-04  -1.6027442169E-03  -1.1353562278E-03  -1.0791815204E-03
   13      3.3213524479E-02  -6.9596061546E-04  -2.3476525807E-03   2.6423326829E-04  -3.4280623002E-03
   14     -7.4566839761E-02   1.0448408036E-03   7.3939251446E-04  -7.3080464920E-05  -8.8919066564E-04
   15     -4.8646123836E-04  -1.1796663826E-03  -3.2772875598E-04  -3.0304189014E-04   8.6822711100E-04
   16     -1.0335552130E-03   1.5811114800E-04   1.0184148400E-03  -3.8976825772E-04   9.0162211703E-04
   17     -1.7654464790E-03   2.6367163404E-03   2.7758247562E-03   7.3361145306E-04  -1.6412257286E-03
   18      1.8188388010E-02   1.6192763938E-04   1.1332058015E-04   7.4739441320E-05   8.7143076205E-04
   19      7.4330304877E-03   1.5499188413E-04   3.3107050108E-04  -7.5227889573E-05  -3.8096781010E-04
   20      5.6162170858E-01   9.2686299946E-04   1.8887966314E-03  -2.4938886797E-04  -6.2008958672E-04
   21      9.2686299946E-04   6.4903271206E-02  -3.5264763217E-02  -5.7748264646E-02   1.1906586957E-03
   22      1.8887966314E-03  -3.5264763217E-02   1.1771035900E-01   1.1936595792E-01  -4.3067259266E-03
   23     -2.4938886797E-04  -5.7748264646E-02   1.1936595792E-01   2.3913704686E-01   5.1870704375E-03
   24     -6.2008958672E-04   1.1906586957E-03  -4.3067259266E-03   5.1870704375E-03   5.9027089546E-02
   25     -9.6489711046E-04  -3.1486710518E-03   1.0124397445E-02  -1.2732032524E-02  -3.4942010721E-02
   26     -6.8675543587E-05  -4.1794583279E-03   1.4707634127E-02  -1.8622251883E-02   4.6017047506E-02
   27     -7.1639906394E-05  -5.0161453974E-03   4.2848145439E-04  -2.2379125328E-05   2.0087069420E-03
   28     -3.3537671631E-04   3.1478012672E-03   2.9931388877E-04   5.5882561820E-05  -6.8928448735E-04
   29      3.9582349550E-05  -4.4442655742E-04   2.3314711330E-04   1.2195017154E-03   7.8718303395E-05
   30      2.8018984091E-05   2.1279492186E-03  -2.2904161500E-04   7.4519994143E-05  -9.1254039241E-04
   31     -2.2091592049E-04  -8.8625216650E-04   6.4038016743E-04   1.6038330314E-04   1.6592994838E-04
   32      2.7994567126E-04   3.0285274971E-04   5.6171729348E-04   1.0499044680E-03  -2.5618679777E-04
   33     -1.3119943720E-04   9.8499049440E-05   1.9767801400E-04  -7.9487586056E-05   3.5570709006E-04
   34      8.2730463491E-04   4.0651987356E-04  -1.1591320854E-04  -6.8834696186E-05   9.9940629432E-04
   35      3.3871850211E-04  -4.1103905764E-04   2.4261109416E-04  -1.5309158478E-04  -3.9229394900E-04
   36     -1.0774597488E-03   1.1334539493E-04   1.0385571872E-04   1.2351402540E-04   2.9496365488E-04
   37     -1.1112881817E-03   1.0312139375E-05   5.4467912585E-05  -3.2269637972E-04   5.0816656458E-04
   38      6.5566208425E-04  -1.5911562050E-04   2.1885815519E-04  -2.3113675617E-04  -1.6488397154E-04
   39      7.9924033860E-02   7.2824434727E-06   1.1672645728E-04  -1.9584515273E-05  -5.9625425948E-05
   40     -8.7601926886E-02   6.0246546844E-05   1.1110379914E-04  -4.8685379356E-05  -3.6685404649E-04
   41     -1.2373086090E-01  -2.9765127242E-05  -6.6718609152E-05  -4.0814779232E-08   5.7336492103E-05
   42     -7.8150025432E-02  -1.5413086704E-05  -5.0114539826E-05  -2.1969483662E-05   2.0769984109E-05
   43      3.0315539872E-05   7.6325893800E-05   3.2499697643E-05   2.7154450853E-06   5.4492895318E-05
   44     -7.2957162419E-02  -1.6473090357E-05  -2.1542514545E-05  -6.2532691342E-06  -7.0391178843E-06
   45     -1.8336275595E-02  -8.4690788775E-05  -2.4177266382E-04   3.6865012926E-05  -3.3203959137E-05
   46      4.8867573869E-02  -2.6964644315E-04  -5.6665875746E-04   3.9770544170E-05   1.6598019876E-05
   47     -2.9344416153E-01   5.5013090628E-05   3.9845067767E-05  -4.9177099048E-05   1.6879493491E-05
                   25                 26                 27                 28                 29        
    0      2.7216579564E-04   1.2845795787E-03  -8.1200935365E-02   6.3827733960E-03   8.9063822582E-02
    1     -3.4599577653E-03  -2.4017301807E-03   5.7200656601E-03  -4.8873312027E-02  -2.5361828031E-02
    2      2.9333391893E-03   2.0844393472E-03   8.6968042038E-02  -2.7514477983E-02  -2.7782484403E-01
    3      2.9641001951E-02  -4.3820230120E-02  -1.1723188408E-02   5.9182447156E-03  -2.0341349594E-03
    4     -1.3290245088E-01   1.2912038432E-01   4.4741611946E-03  -2.2500516429E-03   2.0472214223E-04
    5      1.2573998825E-01  -2.1908050300E-01   2.7052302475E-02  -1.0807056371E-02   3.5240135693E-03
    6      3.1536686419E-04   6.9596344634E-04  -6.3536951708E-04  -9.6608977687E-03   2.3750524495E-03
    7     -1.0951354622E-03  -1.1344008195E-03   1.6926591301E-03   5.3441360432E-04  -4.3096132688E-04
    8      5.3488093149E-04   1.1724393167E-03  -3.5808195462E-04   2.9759143068E-02  -1.2025858446E-02
    9      7.4138240747E-03  -9.6617569644E-04   2.9550317984E-04   3.5960715037E-04  -2.4325804047E-04
   10     -1.4063391388E-02  -4.1109767694E-03   1.9793956644E-03  -1.3484221538E-03   6.5153839950E-05
   11      2.1893145849E-02   2.8126122028E-03   5.2688180577E-04  -2.7629463700E-04   8.9533482159E-05
   12     -1.7514391781E-03  -2.8964816182E-05   2.5930243416E-04   9.4106989065E-04   7.3010798240E-05
   13     -3.8477692388E-03  -1.1339308158E-04  -7.2614166287E-04   3.8045880569E-04   2.6931802859E-04
   14      2.7377006002E-05  -1.9852837955E-05   1.7828364338E-05   2.3379816758E-04   3.3345780991E-04
   15      1.1953897951E-03   1.0802279335E-03  -5.4352251593E-04  -2.2632932496E-05   3.5263828897E-04
   16      2.3035240394E-03   2.5129676300E-04  -5.9161223267E-04   4.1288367486E-04   5.3657084168E-05
   17     -2.4577595188E-03   3.9629137538E-04  -4.0102572115E-04   1.2059885685E-04  -6.6888645916E-05
   18      1.1219868357E-03   1.1736162040E-05   8.1673039484E-05  -1.8499912555E-04   1.5483577168E-04
   19     -4.3138510513E-04  -3.3148332726E-04  -7.2810150788E-05  -1.1264571563E-04  -2.9046484549E-04
   20     -9.6489711046E-04  -6.8675543587E-05  -7.1639906394E-05  -3.3537671631E-04   3.9582349550E-05
   21     -3.1486710518E-03  -4.1794583279E-03  -5.0161453974E-03   3.1478012672E-03  -4.4442655742E-04
   22      1.0124397445E-02   1.4707634127E-02   4.2848145439E-04   2.9931388877E-04   2.3314711330E-04
   23     -1.2732032524E-02  -1.8622251883E-02  -2.2379125328E-05   5.5882561820E-05   1.2195017154E-03
   24     -3.4942010721E-02   4.6017047506E-02   2.0087069420E-03  -6.8928448735E-04   7.8718303395E-05
   25      1.4415823539E-01  -1.3567986948E-01  -1.8994399154E-04   3.9922940959E-04   1.4751656993E-04
   26     -1.3567986948E-01   2.3000168420E-01  -8.3827988785E-05  -2.8251822053E-04   1.3725256530E-03
   27     -1.8994399154E-04  -8.3827988785E-05   8.7503885782E-02  -1.2267027988E-02  -9.5424513049E-02
   28      3.9922940959E-04  -2.8251822053E-04  -1.2267027988E-02   5.4096159169E-02   2.3486923304E-02
   29      1.4751656993E-04   1.3725256530E-03  -9.5424513049E-02   2.3486923304E-02   2.9513734498E-01
   30      9.9198732646E-05  -2.1274289613E-04   7.8260368233E-03   7.5098169798E-03   5.6611886175E-03
   31     -1.9528649131E-04   1.9763479215E-04  -8.0908488538E-04  -1.1409366571E-03  -9.1523693727E-04
   32      7.7171347269E-05   9.1288261713E-05  -1.7219839137E-02  -1.6490211359E-02  -1.3303446880E-02
   33      4.3173115345E-05   4.9851605736E-05   5.8062214750E-04   1.1081771955E-04  -2.9997458530E-04
   34     -2.1445635857E-04  -5.4430786314E-05  -1.5943218923E-04   1.8256017739E-03  -2.9625636149E-04
   35      1.6536184564E-04  -2.7130463586E-05  -5.8428554799E-04  -4.2499081841E-05   1.4550837500E-03
   36      1.8808559040E-04   5.3138413791E-05   6.2756681230E-04  -1.5225706977E-03   7.1322270264E-04
   37     -2.8817605783E-04  -2.2704183330E-04   5.5732009370E-04  -4.2087066795E-03   2.7472430689E-03
   38      1.5085261920E-04  -5.1449585399E-05  -4.0278740263E-04   2.2242133956E-03   6.6031156335E-05
   39     -2.3227218047E-04   2.7800444375E-05  -2.9839894941E-05  -2.5029974951E-05  -2.9628861716E-05
   40     -4.9125108954E-04  -2.9847866402E-06  -3.7216046793E-05  -9.1255348392E-06   2.0908499707E-05
   41      1.2317458268E-04  -9.9933119911E-06   1.7678902018E-05   1.3901797556E-07  -3.5919999266E-06
   42     -6.7742115038E-05   3.3563021275E-05  -1.7140158009E-05  -2.6136309542E-05   4.7225053740E-05
   43      1.0347175202E-06   1.2864428764E-05   5.3932608935E-06  -1.1392128523E-04   7.1788469368E-05
   44     -2.2186680423E-05  -1.0840747326E-05  -1.4709219853E-05  -5.9526006949E-05   1.6135809751E-05
   45      4.2749935238E-05   3.6995789069E-05  -1.7155904271E-05   3.5706347094E-05  -4.6838989001E-05
   46      2.8388325956E-06   5.8665485796E-05  -1.1465493835E-05   1.0906137017E-04  -5.9854829431E-06
   47      5.4286487745E-05  -4.0582982047E-05   3.4159433392E-06  -7.2383130167E-05  -2.8580270164E-05
                   30                 31                 32                 33                 34        
    0     -1.4452730897E-01  -9.8879985297E-02  -9.0481482147E-02   6.2939320348E-03   1.7895411307E-02
    1     -9.7931665884E-02  -1.4384409291E-01  -8.9690068917E-02  -3.6815830141E-03  -1.4426363007E-02
    2     -8.6334575896E-02  -8.6041131011E-02  -1.2554314414E-01  -2.9611814242E-03  -8.2796868639E-03
    3     -1.5099244536E-02   9.0668042443E-03   1.1560926170E-03   4.7271716225E-05  -1.5277039671E-03
    4     -1.7652442639E-02   9.7962537294E-03   2.5792588711E-04  -1.0233917316E-03  -3.7221723294E-03
    5     -1.2293395784E-02   7.3745300290E-03  -1.1653538427E-04   7.1431664730E-04   1.6427816783E-03
    6     -5.8883969138E-04  -1.6047043218E-02   9.8022578561E-03  -1.5582951877E-01   1.1444613489E-01
    7      6.4380325293E-04  -1.2473262385E-02   8.5560159853E-03   1.0836610417E-01  -1.6339457491E-01
    8      6.1715323632E-04  -1.5500569413E-02   6.9796883396E-03   6.2409359725E-02  -6.6972086374E-02
    9     -3.0801881473E-03   2.5537822496E-03   1.0528579516E-03  -3.4822661509E-04  -1.2979932801E-03
   10      4.7643277683E-03  -3.4051408113E-03   1.7452237473E-03  -6.1759456721E-03  -1.9754833281E-03
   11     -1.0838741075E-03   7.5872732113E-04   1.1430478581E-04   4.5774374189E-03   4.1086267967E-04
   12      5.2787703646E-04  -3.8106738187E-04   9.4371670181E-04  -3.0228645666E-02  -1.0455995092E-02
   13     -1.0823818807E-03  -4.5618296004E-03   3.2829959893E-03   2.1241359055E-02   9.5369451227E-03
   14     -2.3710984780E-05   1.9315976564E-03  -2.0105472820E-04   4.8182888121E-03   5.3213759565E-03
   15     -2.2670895998E-03   3.0270557410E-04   5.6967890423E-05  -3.3332475866E-03  -4.2998636287E-04
   16     -2.3769080621E-03   1.3260181365E-03  -1.7498053369E-04   1.4389852213E-03   8.3154725936E-04
   17     -1.0139239778E-04  -1.7918884962E-04   6.9756063758E-05  -2.4510162530E-03  -7.7903309686E-04
   18      2.5350949541E-04  -1.2603028638E-03   7.8533115735E-04   1.4420418487E-03  -5.5752367386E-04
   19      4.8390831379E-04   8.5294399478E-04  -2.1985974601E-04   2.2084973970E-03   1.6532260454E-03
   20      2.8018984091E-05  -2.2091592049E-04   2.7994567126E-04  -1.3119943720E-04   8.2730463491E-04
   21      2.1279492186E-03  -8.8625216650E-04   3.0285274971E-04   9.8499049440E-05   4.0651987356E-04
   22     -2.2904161500E-04   6.4038016743E-04   5.6171729348E-04   1.9767801400E-04  -1.1591320854E-04
   23      7.4519994143E-05   1.6038330314E-04   1.0499044680E-03  -7.9487586056E-05  -6.8834696186E-05
   24     -9.1254039241E-04   1.6592994838E-04  -2.5618679777E-04   3.5570709006E-04   9.9940629432E-04
   25      9.9198732646E-05  -1.9528649131E-04   7.7171347269E-05   4.3173115345E-05  -2.1445635857E-04
   26     -2.1274289613E-04   1.9763479215E-04   9.1288261713E-05   4.9851605736E-05  -5.4430786314E-05
   27      7.8260368233E-03  -8.0908488538E-04  -1.7219839137E-02   5.8062214750E-04  -1.5943218923E-04
   28      7.5098169798E-03  -1.1409366571E-03  -1.6490211359E-02   1.1081771955E-04   1.8256017739E-03
   29      5.6611886175E-03  -9.1523693727E-04  -1.3303446880E-02  -2.9997458530E-04  -2.9625636149E-04
   30      1.5563038388E-01   1.0610772481E-01   9.3609111960E-02  -3.2389537009E-04  -1.8129524039E-04
   31      1.0610772481E-01   1.5253580156E-01   9.2086557172E-02   1.8215673314E-04  -7.8605599756E-04
   32      9.3609111960E-02   9.2086557172E-02   1.2942288339E-01  -1.4975580616E-04   2.3631654764E-04
   33     -3.2389537009E-04   1.8215673314E-04  -1.4975580616E-04   1.7791778415E-01  -1.2092788177E-01
   34     -1.8129524039E-04  -7.8605599756E-04   2.3631654764E-04  -1.2092788177E-01   1.7058066513E-01
   35      1.7523380685E-06   2.9765583128E-04   9.6960254701E-05  -6.6287656704E-02   6.8779153864E-02
   36      5.5339404349E-04   6.5242679519E-05   2.8754057137E-04   3.2065755706E-03   8.0906380443E-04
   37      8.9244746755E-07   1.7340683514E-03  -4.0268318627E-04  -9.2949797028E-04  -3.3727047517E-06
   38      6.1973157150E-05  -1.0912880516E-04   1.1169221754E-03  -5.4675677401E-06  -2.7921295326E-04
   39     -4.2923696259E-06   6.3197274418E-05  -3.3808549989E-05   1.2473948591E-04   8.8344127497E-04
   40     -1.1019286521E-04   3.5669611224E-05  -3.7996704687E-05  -8.3163472972E-04   1.6122083851E-04
   41      2.6575228060E-06  -2.1992406741E-06  -6.6861823490E-06  -1.3461117568E-04  -2.8830382384E-04
   42     -9.1472830513E-05  -2.4052976456E-04   1.6422442643E-04   1.1191422817E-04   1.3693320694E-04
   43      8.0744550913E-05  -4.3296270780E-04   2.3219790294E-04   4.5669402363E-05   1.8079762372E-04
   44     -4.6577201502E-05   1.0657207724E-04  -2.6011229736E-05  -2.1318616800E-04   4.8498230421E-05
   45     -2.4278595243E-05  -4.6072874077E-06  -3.2785963960E-05  -1.1555330995E-04  -3.7620615006E-05
   46     -1.2515931164E-04  -8.1567991054E-05  -2.7997190828E-05  -2.6598440235E-04  -1.3161194125E-04
   47      5.2797976627E-05   6.2387760634E-05  -2.4774864686E-05   1.5245848864E-04  -2.5470818252E-04
                   35                 36                 37                 38                 39        
    0     -9.8001794875E-03  -4.6657534628E-04  -2.5197227100E-04   1.3813027204E-03   2.1173463714E-04
    1      9.6524064054E-03  -5.1946916084E-04   1.8010549455E-03  -3.7039608039E-04   5.3796396419E-05
    2      3.4519530812E-03   4.7139397042E-03   2.8138966822E-02  -9.2860534145E-03   9.0821882443E-05
    3     -2.6613471518E-04  -3.1486798615E-05  -3.9497462241E-04  -6.8932293424E-05   9.2580213392E-05
    4      2.7361431633E-03  -2.4662807280E-04   5.8858420211E-04   6.0492039061E-04  -1.0354233223E-04
    5     -8.3180059486E-05   7.3590666814E-05   5.0051445037E-04   1.8007979168E-04   1.0715816015E-03
    6      6.7467416107E-02  -4.7107809738E-02   2.2066876936E-03  -1.3979938015E-02   1.8691953939E-03
    7     -7.0661195890E-02   2.3976156609E-03  -5.1179831927E-02  -8.7029646930E-03  -6.7002302298E-04
    8     -8.8217664928E-02  -1.1983741892E-02  -1.0028813744E-02  -2.9491123958E-01  -8.6141847333E-04
    9     -2.1164699866E-03   4.6003932106E-03   1.7300652255E-03   2.9988659146E-03  -2.6328467959E-03
   10      1.6910708653E-04  -7.2510009577E-03  -2.5466137996E-03  -4.2795802031E-03  -9.5199378630E-04
   11      3.7324675706E-05  -1.6436538752E-03   5.9420903750E-04   2.6592241272E-04  -4.5982443580E-04
   12     -7.5394355661E-03  -1.7807623112E-02  -6.1070690726E-03  -1.2545593636E-02   9.1966529953E-03
   13      8.1532391785E-03  -5.7787357974E-04   2.1460789806E-03   8.1249296823E-04  -1.1762692632E-02
   14      6.2125429900E-03  -3.8099689621E-02  -9.6934583418E-03  -2.4178226497E-03  -8.8593639657E-03
   15     -8.3161246309E-05  -4.4057077918E-03  -1.3018005500E-03  -2.1908839406E-03   1.4050374956E-03
   16      2.4757170256E-04   1.5179289247E-03   5.1482369798E-04   5.8316894864E-04   1.0977704354E-03
   17     -5.8102041329E-04   6.9802838341E-04  -3.2847531654E-04  -3.7173382896E-04  -3.2743088856E-04
   18      2.1625079835E-04   1.2537154918E-03   4.6812510438E-04   1.0203485071E-04  -1.3156336405E-01
   19      5.6674849878E-04   2.6342454461E-03   1.4438942072E-03   7.6583444170E-04   9.4935319194E-02
   20      3.3871850211E-04  -1.0774597488E-03  -1.1112881817E-03   6.5566208425E-04   7.9924033860E-02
   21     -4.1103905764E-04   1.1334539493E-04   1.0312139375E-05  -1.5911562050E-04   7.2824434727E-06
   22      2.4261109416E-04   1.0385571872E-04   5.4467912585E-05   2.1885815519E-04   1.1672645728E-04
   23     -1.5309158478E-04   1.2351402540E-04  -3.2269637972E-04  -2.3113675617E-04  -1.9584515273E-05
   24     -3.9229394900E-04   2.9496365488E-04   5.0816656458E-04  -1.6488397154E-04  -5.9625425948E-05
   25      1.6536184564E-04   1.8808559040E-04  -2.8817605783E-04   1.5085261920E-04  -2.3227218047E-04
   26     -2.7130463586E-05   5.3138413791E-05  -2.2704183330E-04  -5.1449585399E-05   2.7800444375E-05
   27     -5.8428554799E-04   6.2756681230E-04   5.5732009370E-04  -4.0278740263E-04  -2.9839894941E-05
   28     -4.2499081841E-05  -1.5225706977E-03  -4.2087066795E-03   2.2242133956E-03  -2.5029974951E-05
   29      1.4550837500E-03   7.1322270264E-04   2.7472430689E-03   6.6031156335E-05  -2.9628861716E-05
   30      1.7523380685E-06   5.5339404349E-04   8.9244746755E-07   6.1973157150E-05  -4.2923696259E-06
   31      2.9765583128E-04   6.5242679519E-05   1.7340683514E-03  -1.0912880516E-04   6.3197274418E-05
   32      9.6960254701E-05   2.8754057137E-04  -4.0268318627E-04   1.1169221754E-03  -3.3808549989E-05
   33     -6.6287656704E-02   3.2065755706E-03  -9.2949797028E-04  -5.4675677401E-06   1.2473948591E-04
   34      6.8779153864E-02   8.0906380443E-04  -3.3727047517E-06  -2.7921295326E-04   8.8344127497E-04
   35      8.9218640393E-02   1.9480608783E-02  -2.0217376015E-02  -1.1317154656E-02   3.2047231419E-04
   36      1.9480608783E-02   5.9175918888E-02   3.0215367013E-03   2.5310284729E-02  -1.8112295434E-04
   37     -2.0217376015E-02   3.0215367013E-03   4.9802685375E-02   9.5854595356E-03   1.2540680026E-04
   38     -1.1317154656E-02   2.5310284729E-02   9.5854595356E-03   3.1676938333E-01   2.1782711630E-04
