
$orca_hessian_file

$act_atom
  0

$act_coord
  0

$act_energy
        0.000000

$multiplicity
  1

$hessian
48
                    0                  1                  2                  3                  4        
    0      6.6169316674E-01   9.8374382198E-03   1.3327433659E-05  -2.4388759490E-01  -1.3485593841E-01
    1      9.8374382198E-03   6.5835066366E-01   6.7902385889E-05  -6.7341423004E-02  -2.0993253661E-01
    2      1.3327433659E-05   6.7902385889E-05   1.6908869132E-01  -1.5638014450E-05  -2.4727195483E-05
    3     -2.4388759490E-01  -6.7341423004E-02  -1.5638014450E-05   6.8249094167E-01  -1.5945040292E-02
    4     -1.3485593841E-01  -2.0993253661E-01  -2.4727195483E-05  -1.5945040292E-02   7.2889250430E-01
    5     -2.5139565877E-05  -1.5596861638E-05  -6.7919163657E-02   3.0830349984E-05   6.1818039811E-05
    6     -5.1733387475E-02  -4.5787505032E-02  -1.0897350130E-05  -3.2566622271E-01   9.8787747668E-02
    7      1.1862358125E-03   5.7436203374E-02   1.0724104732E-05   3.6783006499E-02  -1.4666922261E-01
    8     -3.5440276781E-06   2.3996237335E-06   7.4033431649E-03  -1.1770011741E-05  -3.6204915716E-06
    9     -3.8241508475E-03  -2.6611062773E-02  -3.6406442889E-07   1.4895322717E-02   3.9044780100E-02
   10     -2.4198019884E-02  -6.8524231657E-02  -1.1371011307E-05   9.0437311374E-02  -3.0820805662E-03
   11     -1.6696100600E-06  -1.0972851495E-05  -5.2183693038E-03   1.0179170895E-05   2.7829957541E-06
   12      9.3304990354E-03   8.3321617055E-02   7.0855267247E-06  -6.1593323143E-02  -1.3409748341E-02
   13      3.5618807093E-02  -3.5585573150E-03  -1.6130698575E-06  -1.1300649658E-02  -5.0082986953E-03
   14      6.1469070400E-06   4.3625364114E-06   7.7802981549E-03  -5.9856670561E-06  -1.6834879116E-06
   15     -1.3082004519E-01   4.0697100653E-03  -4.1673915761E-07   4.6909140578E-02  -1.3294186241E-02
   16      6.9189215453E-02  -3.0911565535E-01  -2.7925101906E-05  -6.1115176193E-02  -4.7024462736E-02
   17      3.6038099906E-06  -3.4571972378E-05  -7.1000973396E-02  -1.5899692221E-06  -7.7112336989E-06
   18      6.8575403773E-03   5.4258308108E-03   4.4905755960E-07   9.7855192206E-04   1.5923586229E-03
   19     -2.3707613102E-02  -1.3986578046E-02  -4.4411131347E-06   2.5663424270E-03  -5.0406630839E-03
   20     -5.0972080352E-06  -2.8058103688E-06   4.4677020472E-03   4.0596951395E-07  -2.8558576192E-07
   21      6.7095086107E-03  -2.1732643831E-02  -2.2836563393E-06  -6.5687650139E-02   4.8646030740E-02
   22      6.7944211480E-03  -1.5410263999E-02  -1.1150723998E-06   4.8314430347E-02  -3.2645658607E-01
   23     -2.0456361774E-06  -4.0289568337E-06   4.6666605765E-03   3.2022575135E-06  -2.6458457623E-05
   24     -3.3101362675E-03   3.3660648017E-03   3.0460970261E-07  -1.6092419156E-02  -2.1146448225E-02
   25      2.4752774130E-03   4.9455207915E-04  -8.1936042456E-07   9.4118823851E-03   1.0367443551E-02
   26     -9.3759288912E-07  -1.2246640654E-06   6.6978501252E-03  -9.4890548566E-07   1.6038705303E-07
   27     -4.6762529174E-03   5.0737890175E-04  -1.7812789209E-07  -1.1443501072E-03  -2.2448325555E-04
   28      1.4005453308E-03   1.8638544916E-03  -5.9231949598E-07  -5.5853353810E-04   7.5314305434E-04
   29     -1.5850439469E-06  -3.8660929136E-07   7.4285641048E-03  -2.4068767104E-07   4.8976513833E-07
   30     -2.0889090529E-01   3.8138427990E-02   1.0013381188E-05  -2.8230050677E-02   6.3406491387E-03
   31      4.4236174172E-02  -1.0209546239E-01  -8.0584494743E-06  -1.7678179065E-02   9.2592144312E-03
   32     -4.2079352655E-06  -9.2184152461E-07  -6.8612224980E-02  -7.9986845720E-06   4.1163181297E-06
   33     -7.7157086097E-04   3.1502613250E-02  -3.0346765890E-05   1.7045593662E-03   1.4081730708E-03
   34     -8.6170712306E-04  -8.6290790864E-03   4.7667192663E-06  -2.5871725382E-03   7.9662260797E-04
   35      3.9486171525E-06  -1.0352286163E-05  -1.6734871235E-03   6.8786810149E-07  -6.0841678724E-08
   36     -1.7737981879E-02  -9.8802441886E-03   2.2624826481E-02  -1.7952515506E-03   2.5593339436E-03
   37      4.9704546643E-03   3.9547809270E-03  -9.5714779187E-03  -7.8351314559E-04  -3.2775206425E-04
   38     -1.2073950731E-03  -1.6903809234E-03   3.9510348157E-03  -5.4475654593E-04  -4.3619686264E-04
   39     -1.7750051197E-02  -9.9359373813E-03  -2.2591266014E-02  -1.8068079637E-03   2.5647115413E-03
   40      4.9753310120E-03   3.9727302964E-03   9.5668768027E-03  -7.7464344965E-04  -3.2784358706E-04
   41      1.2236093394E-03   1.6940268750E-03   3.9403077035E-03   5.4411084890E-04   4.3464893153E-04
   42     -1.8403998452E-03   4.7410038564E-03  -4.5422655404E-06  -8.5580662984E-05  -1.6735085900E-03
   43      2.9194522368E-03   5.4032987731E-03   2.4477795825E-06  -9.3524398138E-03  -5.5994522958E-03
   44      4.3086681872E-08   1.5528712537E-06  -1.0636410865E-03  -7.6517973482E-07  -2.1635773816E-06
   45      6.5176190968E-04   3.9019653621E-04   6.5499697243E-07  -9.8926524744E-04  -4.2637828505E-04
   46      8.4606908080E-06  -2.2371914557E-04   4.2958727818E-07  -4.4255518222E-05  -6.0002962769E-04
   47      2.1401017032E-07  -8.2824445085E-09   6.3407531068E-05   1.3484279843E-07  -4.2806474628E-07
                    5                  6                  7                  8                  9        
    0     -2.5139565877E-05  -5.1733387475E-02   1.1862358125E-03  -3.5440276781E-06  -3.8241508475E-03
    1     -1.5596861638E-05  -4.5787505032E-02   5.7436203374E-02   2.3996237335E-06  -2.6611062773E-02
    2     -6.7919163657E-02  -1.0897350130E-05   1.0724104732E-05   7.4033431649E-03  -3.6406442889E-07
    3      3.0830349984E-05  -3.2566622271E-01   3.6783006499E-02  -1.1770011741E-05   1.4895322717E-02
    4      6.1818039811E-05   9.8787747668E-02  -1.4666922261E-01  -3.6204915716E-06   3.9044780100E-02
    5      1.3986275827E-01  -4.4977445049E-06  -9.2159515911E-06  -6.0224499145E-02   6.5679879597E-06
    6     -4.4977445049E-06   7.2835202931E-01   2.4756506161E-02   3.9606991186E-05  -1.3145641876E-01
    7     -9.2159515911E-06   2.4756506161E-02   6.9516308904E-01   6.6083304231E-05   5.8894573923E-02
    8     -6.0224499145E-02   3.9606991186E-05   6.6083304231E-05   1.2560242839E-01   2.6580594990E-06
    9      6.5679879597E-06  -1.3145641876E-01   5.8894573923E-02   2.6580594990E-06   7.0818209210E-01
   10      8.2281845208E-06  -1.5000714078E-02  -3.2192429846E-01  -2.9373882197E-05   8.3252620019E-03
   11      2.0302625684E-03  -3.8999558054E-06  -2.7844751389E-05  -6.8380303159E-02   3.6932693542E-05
   12     -8.5487467682E-06   4.5975663310E-02  -5.3773728531E-02  -3.6743339096E-06  -2.1752450633E-01
   13     -1.3375495368E-06  -1.1677486734E-02  -3.8663249183E-02  -6.0443807358E-06  -1.3323370410E-01
   14     -2.9756913723E-03   1.3013010514E-07  -8.4049991648E-06   8.1454937942E-03  -2.6481066247E-05
   15      3.2536566666E-06  -2.8173322411E-02   2.8608149814E-02   1.6006431681E-06  -5.4402867601E-02
   16     -1.2966717623E-05   3.2471206661E-02  -3.8657888740E-02  -2.4794228316E-06   3.2790960985E-03
   17      8.4261717269E-03   2.8219549286E-07  -4.4501116221E-07  -3.1107833097E-03  -4.6501363258E-06
   18     -3.4311945110E-07  -1.6409070227E-04   7.1705462651E-04  -1.5470066104E-07  -2.4234322719E-03
   19     -1.5533191900E-06   8.9550223505E-04  -2.7393004119E-05   4.8755757614E-08   2.5473968537E-03
   20      6.1773245053E-03   2.4833265694E-07   4.3206366990E-07  -8.9298734575E-04  -1.3065467458E-08
   21      2.6208400789E-06  -1.5731511563E-03   2.9265094505E-02   3.1572701535E-06  -4.4143730889E-03
   22     -2.7306061243E-05  -1.1947571648E-03  -5.7211351190E-03  -1.4279778688E-06   1.0449741983E-03
   23     -3.8103465506E-02   6.4591153427E-07   5.9919273996E-07   3.8027957768E-03  -9.9263600323E-07
   24     -3.4310080786E-06  -2.1221417513E-01  -1.3754779562E-01  -2.6081515053E-05   3.8096101027E-03
   25      1.4512843869E-06  -1.3740385655E-01  -1.7974008248E-01  -2.4284972491E-05  -2.4706813387E-02
   26      2.7183113456E-03  -2.5623069801E-05  -2.3382382204E-05  -3.3115417088E-02  -2.2607265417E-06
   27     -1.7814329959E-07  -3.3366788319E-03  -2.6503404531E-03  -8.6202175697E-07   7.7494974581E-03
   28      1.5046063558E-07  -3.7661964131E-03  -8.9535008890E-04  -1.2725289763E-06   8.7735143678E-03
   29     -6.9670513001E-04  -6.9048955731E-07  -6.2515229961E-07   5.1186651226E-03   1.0067048310E-06
   30      9.8410986073E-07   1.3526391824E-04  -1.5381882171E-03  -9.3076688649E-07  -1.5634338603E-03
   31      3.8217186176E-06  -2.2204424125E-03  -2.2540624472E-03   3.0355270170E-06   6.3768729565E-04
   32      4.6861184744E-03  -2.4665953727E-06  -5.2257716878E-06   7.4034403857E-03  -2.9469796814E-06
   33      1.5037053543E-06  -8.6449014714E-05   2.6949165539E-04   9.3258103468E-08   3.8114801091E-04
   34     -2.4565315031E-06   3.5104819105E-04   4.4873678388E-05  -1.3999758136E-06  -3.6795427379E-04
   35      1.0220380166E-04  -9.0282320744E-07   1.1965294375E-06  -1.5498915745E-04   2.1262189223E-07
   36      7.3218732838E-04  -8.7623426747E-04   9.6208733111E-05  -1.3819467267E-03   1.1098338151E-03
   37     -8.2515037101E-05   5.7965067837E-04  -5.9944843154E-04   1.0489437146E-04   6.4967949574E-05
   38     -4.1607306631E-04  -7.2779144781E-05  -2.0389213815E-05  -2.4181756026E-04  -4.1498807567E-04
   39     -7.3505173774E-04  -8.7656829358E-04   9.1923991324E-05   1.3803620532E-03   1.1075062593E-03
   40      7.9479900393E-05   5.7704404031E-04  -5.9558128603E-04  -1.0634889994E-04   6.4943737371E-05
   41     -4.1496494577E-04   7.6391639053E-05   1.8626645114E-05  -2.4178543310E-04   4.1516955023E-04
   42     -3.9363075322E-07  -2.3496023437E-02   1.7159744395E-02   5.2448587082E-07  -2.8270231186E-01
   43     -2.5749912449E-06   5.3533934357E-02  -1.8183062525E-02  -2.9212072867E-07   4.8264500717E-02
   44      7.2084888114E-03   4.5404571244E-06  -2.1318704849E-06   9.9886507004E-03  -1.0041089847E-05
   45     -2.2192364909E-07   5.1897656493E-03  -2.2899917860E-03  -9.6744098770E-08  -3.8923515843E-02
   46     -1.0720661471E-07   5.0703728844E-03   1.2866082842E-03   3.8885584616E-07   1.3976868199E-02
   47     -4.6107668313E-04   9.6960332335E-07  -3.0252101226E-07  -1.1022351328E-03  -2.3347979625E-06
                   10                 11                 12                 13                 14        
    0     -2.4198019884E-02  -1.6696100600E-06   9.3304990354E-03   3.5618807093E-02   6.1469070400E-06
    1     -6.8524231657E-02  -1.0972851495E-05   8.3321617055E-02  -3.5585573150E-03   4.3625364114E-06
    2     -1.1371011307E-05  -5.2183693038E-03   7.0855267247E-06  -1.6130698575E-06   7.7802981549E-03
    3      9.0437311374E-02   1.0179170895E-05  -6.1593323143E-02  -1.1300649658E-02  -5.9856670561E-06
    4     -3.0820805662E-03   2.7829957541E-06  -1.3409748341E-02  -5.0082986953E-03  -1.6834879116E-06
    5      8.2281845208E-06   2.0302625684E-03  -8.5487467682E-06  -1.3375495368E-06  -2.9756913723E-03
    6     -1.5000714078E-02  -3.8999558054E-06   4.5975663310E-02  -1.1677486734E-02   1.3013010514E-07
    7     -3.2192429846E-01  -2.7844751389E-05  -5.3773728531E-02  -3.8663249183E-02  -8.4049991648E-06
    8     -2.9373882197E-05  -6.8380303159E-02  -3.6743339096E-06  -6.0443807358E-06   8.1454937942E-03
    9      8.3252620019E-03   3.6932693542E-05  -2.1752450633E-01  -1.3323370410E-01  -2.6481066247E-05
   10      7.0549154187E-01   6.6506092826E-05  -6.2455312373E-02  -2.2499290460E-01  -2.4436401523E-05
   11      6.6506092826E-05   1.6255186128E-01  -1.6378416683E-05  -2.7639300668E-05  -7.0406897643E-02
   12     -6.2455312373E-02  -1.6378416683E-05   7.0408041312E-01  -3.0583786540E-02   3.4461237539E-05
   13     -2.2499290460E-01  -2.7639300668E-05  -3.0583786540E-02   7.3398807580E-01   7.7015268266E-05
   14     -2.4436401523E-05  -7.0406897643E-02   3.4461237539E-05   7.7015268266E-05   1.2855160528E-01
   15     -4.7725287900E-02  -9.8399860222E-06  -3.3669525149E-01   1.0500210377E-01  -5.4764113486E-06
   16      6.6706813556E-02   8.2262659094E-06   4.2715249523E-02  -1.5191529629E-01  -8.2029655072E-06
   17      2.1047699880E-06   2.7435405196E-03  -1.0531634468E-05  -4.0669745810E-06  -5.9716529448E-02
   18      3.3602787043E-03  -6.8745233448E-08  -1.6946300183E-02  -2.1025078891E-02  -3.7102286185E-06
   19      1.0833398700E-04  -3.9850051406E-07   9.8602133777E-03   9.5885459614E-03   1.2807845774E-06
   20     -1.4144863716E-06   7.8749480557E-03  -1.3844887288E-06  -4.3397006303E-07   4.2200124570E-03
   21      1.6377237853E-04  -3.9089322888E-07  -9.2464409296E-04  -5.2471199099E-05  -1.5322020525E-08
   22      2.0735335031E-03  -1.6673489947E-07  -3.3015030282E-04   7.0104450849E-04   1.4616939265E-07
   23     -7.6867974168E-07   7.2482930801E-03  -2.5778470186E-07   4.3675643503E-07  -9.2053944494E-04
   24      7.0207540155E-03   1.1431349312E-06   1.0757155966E-03   1.4493898326E-03   4.3771464111E-08
   25     -1.3839203924E-02  -2.8667906503E-06   2.4938923157E-03  -4.9099564765E-03  -1.0662346425E-06
   26     -3.8746013162E-06   4.2380507324E-03   6.9604661807E-08  -5.6860463130E-07   5.2796923109E-03
   27     -2.2600986875E-02  -3.3773359465E-06  -6.7434735493E-02   5.3600885094E-02   5.1848069265E-06
   28     -1.5498249446E-02  -1.6111608021E-06   5.2491010396E-02  -3.2922223072E-01  -3.7345040147E-05
   29     -5.1458561219E-06   5.0311622521E-03   4.7169677255E-06  -3.7802758532E-05  -3.5062281151E-02
   30     -1.7077844794E-03  -1.7564035036E-06   4.2501507917E-03  -1.2109215809E-03  -2.6568361474E-06
   31     -5.0446954059E-04   5.7252539048E-07  -1.6060232975E-03  -5.2702873792E-03  -4.9099563031E-06
   32      2.1482497373E-06  -8.0376651986E-04  -1.5542149285E-07   2.5692798303E-06   4.7619821735E-03
   33     -2.9594362808E-04  -5.4727388930E-07   3.0361024039E-04   1.3836138278E-03   2.2578886200E-06
   34      3.5083112152E-04  -4.3136452528E-07  -3.0198240558E-04  -4.4418020122E-04  -2.1568914850E-07
   35     -1.9237428802E-06   1.7082553520E-05   2.4148418990E-06  -7.6080275312E-07   3.8576832873E-04
   36     -3.3011197992E-04   9.5901165871E-05  -9.4416239238E-04  -3.1421285182E-04  -7.9150620462E-04
   37      9.9954044894E-04  -2.5328699831E-04  -8.9143296297E-04   2.7203648407E-04   2.2459622439E-05
   38     -1.5846489171E-04   1.4977689746E-05   5.0776772248E-04  -5.6143104798E-05   1.1733177250E-04
   39     -3.2973848830E-04  -9.5500011459E-05  -9.4102599369E-04  -3.1394745403E-04   7.8956650510E-04
   40      9.9564574996E-04   2.5396270027E-04  -8.8935217035E-04   2.7310694527E-04  -1.9201057033E-05
   41      1.6042462612E-04   1.4761865228E-05  -5.0768781138E-04   5.5460282914E-05   1.1708282271E-04
   42      9.7397298920E-02  -1.8920585196E-06  -5.8645941963E-02   7.9596653074E-03  -2.5226267032E-06
   43     -1.3955736569E-01  -8.5591603126E-06  -3.0277018604E-02   1.9034596537E-02  -4.9757900955E-07
   44     -4.6207194391E-06  -4.4647529937E-02  -7.8274209237E-06   1.7369902850E-06   7.4842555420E-03
   45     -3.2059808617E-02  -6.3104546654E-06  -3.3661610121E-03   4.6887493395E-03   2.9226434116E-07
   46      1.1196563642E-02   2.4501554064E-06   3.6455976056E-03   1.2755463471E-04  -2.7428779665E-08
   47      1.2592274298E-06  -2.3080740382E-03   2.0100964995E-07  -8.1603489465E-08   2.2384164188E-03
                   15                 16                 17                 18                 19        
    0     -1.3082004519E-01   6.9189215453E-02   3.6038099906E-06   6.8575403773E-03  -2.3707613102E-02
    1      4.0697100653E-03  -3.0911565535E-01  -3.4571972378E-05   5.4258308108E-03  -1.3986578046E-02
    2     -4.1673915761E-07  -2.7925101906E-05  -7.1000973396E-02   4.4905755960E-07  -4.4411131347E-06
    3      4.6909140578E-02  -6.1115176193E-02  -1.5899692221E-06   9.7855192206E-04   2.5663424270E-03
    4     -1.3294186241E-02  -4.7024462736E-02  -7.7112336989E-06   1.5923586229E-03  -5.0406630839E-03
    5      3.2536566666E-06  -1.2966717623E-05   8.4261717269E-03  -3.4311945110E-07  -1.5533191900E-06
    6     -2.8173322411E-02   3.2471206661E-02   2.8219549286E-07  -1.6409070227E-04   8.9550223505E-04
    7      2.8608149814E-02  -3.8657888740E-02  -4.4501116221E-07   7.1705462651E-04  -2.7393004119E-05
    8      1.6006431681E-06  -2.4794228316E-06  -3.1107833097E-03  -1.5470066104E-07   4.8755757614E-08
    9     -5.4402867601E-02   3.2790960985E-03  -4.6501363258E-06  -2.4234322719E-03   2.5473968537E-03
   10     -4.7725287900E-02   6.6706813556E-02   2.1047699880E-06   3.3602787043E-03   1.0833398700E-04
   11     -9.8399860222E-06   8.2262659094E-06   2.7435405196E-03  -6.8745233448E-08  -3.9850051406E-07
   12     -3.3669525149E-01   4.2715249523E-02  -1.0531634468E-05  -1.6946300183E-02   9.8602133777E-03
   13      1.0500210377E-01  -1.5191529629E-01  -4.0669745810E-06  -2.1025078891E-02   9.5885459614E-03
   14     -5.4764113486E-06  -8.2029655072E-06  -5.9716529448E-02  -3.7102286185E-06   1.2807845774E-06
   15      7.2737365522E-01   2.3461277910E-02   4.2186189551E-05  -2.1149844322E-01  -1.3765602641E-01
   16      2.3461277910E-02   6.8595823009E-01   7.7659679609E-05  -1.3697842100E-01  -1.8046370457E-01
   17      4.2186189551E-05   7.7659679609E-05   1.4138334894E-01  -3.2314261289E-05  -2.9559030460E-05
   18     -2.1149844322E-01  -1.3697842100E-01  -3.2314261289E-05   2.2226711823E-01   1.4734490088E-01
   19     -1.3765602641E-01  -1.8046370457E-01  -2.9559030460E-05   1.4734490088E-01   1.8806661567E-01
   20     -3.2469772221E-05  -3.0950081612E-05  -3.9019443318E-02   3.5685950650E-05   3.3556582549E-05
   21     -3.2008672840E-03  -3.0460255299E-03  -8.2305130885E-07   3.8649108852E-04  -1.1571782074E-03
   22     -3.9541350296E-03  -8.3293250341E-04  -9.7195355107E-07   2.4515913940E-04  -8.6639514748E-04
   23     -7.6529453042E-07  -1.3150889817E-06   6.2590504423E-03   2.6339720423E-07  -1.0403219687E-07
   24     -1.7091689746E-04   8.6181898076E-04   3.1200628186E-09  -6.3684862351E-05  -1.2366363531E-04
   25      1.2051084658E-03  -3.7891156765E-04   1.0557442282E-07  -9.3735956941E-05   3.5830634488E-05
   26      1.9104695399E-07   3.4118867343E-07  -7.8071558170E-04   1.7825163639E-07   2.6041593493E-07
   27     -5.1652727829E-04   2.9143186299E-02   3.6953485370E-06   1.4492522980E-03  -4.4723040485E-04
   28     -1.0540023755E-03  -4.5798454403E-03  -1.2885930865E-06   3.4942807944E-05   7.8985373180E-04
   29      7.0298320332E-07   3.2297342809E-07   2.9325409001E-03   2.4560528454E-07   8.0648093747E-07
   30     -9.9079685920E-03   1.0111213541E-02  -1.7706583004E-07   4.7314100872E-04  -1.1525682240E-03
   31      3.5498832099E-02  -1.0524586271E-02  -4.2672944830E-06   7.0363545029E-04   1.3726216350E-03
   32     -7.9169997197E-08  -2.5401649194E-06   2.4824304786E-03   2.2790637130E-07  -9.2114998318E-07
   33     -5.9617711948E-03   7.7760342842E-04  -1.4237245108E-06   3.6705227373E-05   2.8621704182E-06
   34      2.3384772807E-03   5.8839217221E-04   2.6066466987E-06  -1.1510816411E-04   2.1649266686E-04
   35      1.5220634454E-07   8.3762589329E-08   1.2982166943E-03   2.2579792142E-07   4.5756056309E-07
   36      1.6332335857E-03  -2.0549726099E-03  -6.2740983579E-04   2.8820570488E-04   3.6220264340E-04
   37      1.1573205901E-03  -3.0247717669E-04   6.4350631439E-05  -1.2264018615E-04  -1.4974595736E-04
   38     -3.6745803290E-04   5.2511007849E-04   1.0367858493E-03   4.1803751055E-05  -1.9594983400E-04
   39      1.6360651653E-03  -2.0549406192E-03   6.2883970780E-04   2.8880052954E-04   3.6402708200E-04
   40      1.1574168505E-03  -3.0037854153E-04  -6.1663503817E-05  -1.2257514087E-04  -1.4910067286E-04
   41      3.6854190415E-04  -5.2375329122E-04   1.0371872416E-03  -4.1774154181E-05   1.9694412487E-04
   42      4.0703750118E-03  -4.8863292152E-03  -2.2550334241E-07  -1.6733625556E-03   7.9678919856E-05
   43      1.2725732291E-03  -9.5899189617E-03  -1.2827074039E-06  -1.0903591205E-03   5.0390531850E-04
   44      3.5264360385E-07  -2.2048857101E-06   4.3499765478E-03  -4.2894542416E-07  -2.9764202452E-08
   45     -2.7448841092E-04  -1.8528980447E-03  -2.1383737569E-07  -2.5649259125E-04   2.1546842549E-04
   46     -1.0843679726E-04   4.3262233311E-04  -2.6422896809E-07   1.2944239395E-04   1.3808740528E-06
   47      2.7278057559E-07  -1.4102696088E-07   1.6791957126E-03  -6.5191651244E-08   1.5503356483E-08
                   20                 21                 22                 23                 24        
    0     -5.0972080352E-06   6.7095086107E-03   6.7944211480E-03  -2.0456361774E-06  -3.3101362675E-03
    1     -2.8058103688E-06  -2.1732643831E-02  -1.5410263999E-02  -4.0289568337E-06   3.3660648017E-03
    2      4.4677020472E-03  -2.2836563393E-06  -1.1150723998E-06   4.6666605765E-03   3.0460970261E-07
    3      4.0596951395E-07  -6.5687650139E-02   4.8314430347E-02   3.2022575135E-06  -1.6092419156E-02
    4     -2.8558576192E-07   4.8646030740E-02  -3.2645658607E-01  -2.6458457623E-05  -2.1146448225E-02
    5      6.1773245053E-03   2.6208400789E-06  -2.7306061243E-05  -3.8103465506E-02  -3.4310080786E-06
    6      2.4833265694E-07  -1.5731511563E-03  -1.1947571648E-03   6.4591153427E-07  -2.1221417513E-01
    7      4.3206366990E-07   2.9265094505E-02  -5.7211351190E-03   5.9919273996E-07  -1.3754779562E-01
    8     -8.9298734575E-04   3.1572701535E-06  -1.4279778688E-06   3.8027957768E-03  -2.6081515053E-05
    9     -1.3065467458E-08  -4.4143730889E-03   1.0449741983E-03  -9.9263600323E-07   3.8096101027E-03
   10     -1.4144863716E-06   1.6377237853E-04   2.0735335031E-03  -7.6867974168E-07   7.0207540155E-03
   11      7.8749480557E-03  -3.9089322888E-07  -1.6673489947E-07   7.2482930801E-03   1.1431349312E-06
   12     -1.3844887288E-06  -9.2464409296E-04  -3.3015030282E-04  -2.5778470186E-07   1.0757155966E-03
   13     -4.3397006303E-07  -5.2471199099E-05   7.0104450849E-04   4.3675643503E-07   1.4493898326E-03
   14      4.2200124570E-03  -1.5322020525E-08   1.4616939265E-07  -9.2053944494E-04   4.3771464111E-08
   15     -3.2469772221E-05  -3.2008672840E-03  -3.9541350296E-03  -7.6529453042E-07  -1.7091689746E-04
   16     -3.0950081612E-05  -3.0460255299E-03  -8.3293250341E-04  -1.3150889817E-06   8.6181898076E-04
   17     -3.9019443318E-02  -8.2305130885E-07  -9.7195355107E-07   6.2590504423E-03   3.1200628186E-09
   18      3.5685950650E-05   3.8649108852E-04   2.4515913940E-04   2.6339720423E-07  -6.3684862351E-05
   19      3.3556582549E-05  -1.1571782074E-03  -8.6639514748E-04  -1.0403219687E-07  -1.2366363531E-04
   20      2.6044105944E-02  -7.8914099475E-08  -1.6364034331E-07   5.2079733841E-05   1.8382831272E-07
   21     -7.8914099475E-08   6.6535867895E-02  -5.2461628083E-02  -3.0025692337E-06   1.3486802333E-03
   22     -1.6364034331E-07  -5.2461628083E-02   3.4476540746E-01   3.0437952562E-05   1.2322667134E-06
   23      5.2079733841E-05  -3.0025692337E-06   3.0437952562E-05   2.6004902676E-02   1.4332816236E-07
   24      1.8382831272E-07   1.3486802333E-03   1.2322667134E-06   1.4332816236E-07   2.2262888656E-01
   25      2.1059402889E-07  -4.2137695130E-04   8.0559168328E-04   5.4521763159E-07   1.4792628272E-01
   26     -7.2441988359E-04   3.7209347168E-07   5.1814239100E-07  -4.3509877326E-03   2.8296148683E-05
   27      5.5365418200E-07   7.6359437968E-05   8.7116700470E-05   6.4197406362E-08   3.1766302925E-04
   28      5.2833839615E-07   5.5743677138E-05  -9.6816653024E-05   2.3793584814E-07   2.2916752604E-04
   29     -4.7363422507E-03   4.5341451792E-08   1.9262063996E-07  -7.1868266435E-04   8.3896127342E-08
   30      2.2818474341E-06   1.3138012059E-03   1.7426398948E-03   1.6673121277E-06  -3.6746022780E-04
   31      2.6998628673E-06  -1.5309032138E-03   6.7304139319E-04  -2.3448730603E-06  -1.0549791422E-03
   32     -2.6658588516E-03   8.7405220576E-07   1.6387879407E-06  -4.3334017037E-03  -7.4736601506E-07
   33     -6.4748989936E-07  -1.2086067154E-04  -7.3067305310E-04  -9.5409751690E-08   4.9564288413E-05
   34      1.0814756653E-07   3.9168238106E-04   6.5375294351E-04   1.7577709718E-06   6.4715675814E-05
   35     -1.8613331655E-04  -4.3886819488E-07  -4.5689024399E-07   9.9001375715E-05   3.7449684794E-08
   36      5.2893849152E-04   3.2025492404E-05  -1.4243708122E-05   6.1694349983E-04  -3.0011182352E-04
   37      1.9057566046E-04   4.7345679214E-05   2.0652801322E-04   9.4243599863E-05   4.9323818016E-05
   38     -2.6658972424E-04  -3.9368560899E-05  -1.2365087295E-06   1.2921226537E-04   1.1624045084E-05
   39     -5.2869629516E-04   3.2615233438E-05  -1.3554231319E-05  -6.1573608268E-04  -3.0083968225E-04
   40     -1.9259421690E-04   4.8101747680E-05   2.0717688923E-04  -9.3711782292E-05   4.9458266845E-05
   41     -2.6635026027E-04   3.9317192278E-05   2.9297397935E-07   1.3016402841E-04  -1.1427131136E-05
   42     -2.7879013789E-08  -8.5740741152E-04   6.6983095007E-04  -1.5600323461E-07   3.3214822715E-03
   43      1.6969933079E-07   1.7787318792E-03  -6.7696198540E-04   7.0385028035E-08   1.1649073153E-05
   44      1.4517615568E-04  -2.9029359757E-08   3.9655785549E-08   8.1287621445E-05   2.2856494654E-07
   45     -1.0333281634E-07   3.4360464625E-04  -1.9630536735E-04   1.3352200801E-07   2.6814196831E-04
   46     -4.6622312613E-08   1.3663236416E-06  -2.4984921845E-05  -5.6239951997E-09  -1.1504201963E-03
   47     -2.2322394779E-04   3.2065571647E-08  -1.2779767294E-08  -4.6370524528E-05  -1.9916852781E-07
                   25                 26                 27                 28                 29        
    0      2.4752774130E-03  -9.3759288912E-07  -4.6762529174E-03   1.4005453308E-03  -1.5850439469E-06
    1      4.9455207915E-04  -1.2246640654E-06   5.0737890175E-04   1.8638544916E-03  -3.8660929136E-07
    2     -8.1936042456E-07   6.6978501252E-03  -1.7812789209E-07  -5.9231949598E-07   7.4285641048E-03
    3      9.4118823851E-03  -9.4890548566E-07  -1.1443501072E-03  -5.5853353810E-04  -2.4068767104E-07
    4      1.0367443551E-02   1.6038705303E-07  -2.2448325555E-04   7.5314305434E-04   4.8976513833E-07
    5      1.4512843869E-06   2.7183113456E-03  -1.7814329959E-07   1.5046063558E-07  -6.9670513001E-04
    6     -1.3740385655E-01  -2.5623069801E-05  -3.3366788319E-03  -3.7661964131E-03  -6.9048955731E-07
    7     -1.7974008248E-01  -2.3382382204E-05  -2.6503404531E-03  -8.9535008890E-04  -6.2515229961E-07
    8     -2.4284972491E-05  -3.3115417088E-02  -8.6202175697E-07  -1.2725289763E-06   5.1186651226E-03
    9     -2.4706813387E-02  -2.2607265417E-06   7.7494974581E-03   8.7735143678E-03   1.0067048310E-06
   10     -1.3839203924E-02  -3.8746013162E-06  -2.2600986875E-02  -1.5498249446E-02  -5.1458561219E-06
   11     -2.8667906503E-06   4.2380507324E-03  -3.3773359465E-06  -1.6111608021E-06   5.0311622521E-03
   12      2.4938923157E-03   6.9604661807E-08  -6.7434735493E-02   5.2491010396E-02   4.7169677255E-06
   13     -4.9099564765E-03  -5.6860463130E-07   5.3600885094E-02  -3.2922223072E-01  -3.7802758532E-05
   14     -1.0662346425E-06   5.2796923109E-03   5.1848069265E-06  -3.7345040147E-05  -3.5062281151E-02
   15      1.2051084658E-03   1.9104695399E-07  -5.1652727829E-04  -1.0540023755E-03   7.0298320332E-07
   16     -3.7891156765E-04   3.4118867343E-07   2.9143186299E-02  -4.5798454403E-03   3.2297342809E-07
   17      1.0557442282E-07  -7.8071558170E-04   3.6953485370E-06  -1.2885930865E-06   2.9325409001E-03
   18     -9.3735956941E-05   1.7825163639E-07   1.4492522980E-03   3.4942807944E-05   2.4560528454E-07
   19      3.5830634488E-05   2.6041593493E-07  -4.4723040485E-04   7.8985373180E-04   8.0648093747E-07
   20      2.1059402889E-07  -7.2441988359E-04   5.5365418200E-07   5.2833839615E-07  -4.7363422507E-03
   21     -4.2137695130E-04   3.7209347168E-07   7.6359437968E-05   5.5743677138E-05   4.5341451792E-08
   22      8.0559168328E-04   5.1814239100E-07   8.7116700470E-05  -9.6816653024E-05   1.9262063996E-07
   23      5.4521763159E-07  -4.3509877326E-03   6.4197406362E-08   2.3793584814E-07  -7.1868266435E-04
   24      1.4792628272E-01   2.8296148683E-05   3.1766302925E-04   2.2916752604E-04   8.3896127342E-08
   25      1.8568397804E-01   2.6506282465E-05  -1.1765199891E-03  -7.5179045581E-04  -1.2876766987E-07
   26      2.6506282465E-05   2.3138477707E-02  -7.8819744469E-08   2.1145270990E-08  -1.5598135706E-05
   27     -1.1765199891E-03  -7.8819744469E-08   6.5083003881E-02  -5.8584154049E-02  -5.2876197415E-06
   28     -7.5179045581E-04   2.1145270990E-08  -5.8584154049E-02   3.4634437247E-01   4.0974914119E-05
   29     -1.2876766987E-07  -1.5598135706E-05  -5.2876197415E-06   4.0974914119E-05   2.4377983358E-02
   30      3.0125654748E-04   5.0117303071E-07   3.1466585736E-04  -2.1753658027E-04   5.7849719603E-07
   31      3.1129097090E-04  -3.6628353991E-07   1.2298919397E-03  -2.9882857891E-04   8.9147677829E-08
   32      2.1596923989E-07   4.4472017013E-04  -4.3183745926E-07  -4.7631294690E-08   3.7345070164E-04
   33     -3.6171981660E-05   1.0827278399E-07  -3.9281077976E-04   1.3782992930E-04   2.6042809551E-07
   34     -1.7247472760E-05   1.9530781347E-07   1.8901243121E-04  -6.1113094014E-05  -6.6114811682E-08
   35      8.7607030478E-09  -5.7451201509E-05   1.0385719814E-07  -6.7520561217E-08  -1.3241378437E-04
   36      5.1510200076E-05  -1.0927664654E-04  -2.6455965667E-05   5.6456680469E-05  -7.2652606787E-06
   37     -1.5906880990E-05   9.8272470086E-05  -3.2653505826E-05  -1.4226168881E-05   4.6279772427E-05
   38     -4.7289361196E-06   1.7415217547E-05   4.0348566371E-05  -1.1799783678E-05  -2.0279779682E-05
   39      5.1859189607E-05   1.0944104288E-04  -2.6231032512E-05   5.6276343093E-05   7.1853103251E-06
   40     -1.5916077820E-05  -9.8222481233E-05  -3.2910397414E-05  -1.4043100271E-05  -4.6541108423E-05
   41      4.6797509785E-06   1.7303006310E-05  -4.0260626308E-05   1.1739683114E-05  -2.0376959999E-05
   42     -1.3361955137E-03  -2.9630298562E-07   2.4554445312E-03   8.5425366361E-04   3.2991950473E-07
   43      2.7723084992E-03   1.3451752731E-06   7.5752749684E-04   1.4488590625E-03   7.9486192219E-07
   44      3.8791672980E-07  -3.5307220231E-03   4.2154083377E-07   6.6578027757E-07  -3.2678304472E-03
   45      1.2510509362E-03   5.8721531206E-08   1.0815591319E-04   9.1632523152E-05   1.6638361584E-07
   46     -8.0198011728E-04  -1.6283289611E-07   2.3332977735E-04   2.3241093924E-04   1.9944285517E-07
   47     -3.4953663099E-08   2.3491031449E-05   2.9624928725E-08   2.5270838521E-07  -5.9185613553E-04
                   30                 31                 32                 33                 34        
    0     -2.0889090529E-01   4.4236174172E-02  -4.2079352655E-06  -7.7157086097E-04  -8.6170712306E-04
    1      3.8138427990E-02  -1.0209546239E-01  -9.2184152461E-07   3.1502613250E-02  -8.6290790864E-03
    2      1.0013381188E-05  -8.0584494743E-06  -6.8612224980E-02  -3.0346765890E-05   4.7667192663E-06
    3     -2.8230050677E-02  -1.7678179065E-02  -7.9986845720E-06   1.7045593662E-03  -2.5871725382E-03
    4      6.3406491387E-03   9.2592144312E-03   4.1163181297E-06   1.4081730708E-03   7.9662260797E-04
    5      9.8410986073E-07   3.8217186176E-06   4.6861184744E-03   1.5037053543E-06  -2.4565315031E-06
    6      1.3526391824E-04  -2.2204424125E-03  -2.4665953727E-06  -8.6449014714E-05   3.5104819105E-04
    7     -1.5381882171E-03  -2.2540624472E-03  -5.2257716878E-06   2.6949165539E-04   4.4873678388E-05
    8     -9.3076688649E-07   3.0355270170E-06   7.4034403857E-03   9.3258103468E-08  -1.3999758136E-06
    9     -1.5634338603E-03   6.3768729565E-04  -2.9469796814E-06   3.8114801091E-04  -3.6795427379E-04
   10     -1.7077844794E-03  -5.0446954059E-04   2.1482497373E-06  -2.9594362808E-04   3.5083112152E-04
   11     -1.7564035036E-06   5.7252539048E-07  -8.0376651986E-04  -5.4727388930E-07  -4.3136452528E-07
   12      4.2501507917E-03  -1.6060232975E-03  -1.5542149285E-07   3.0361024039E-04  -3.0198240558E-04
   13     -1.2109215809E-03  -5.2702873792E-03   2.5692798303E-06   1.3836138278E-03  -4.4418020122E-04
   14     -2.6568361474E-06  -4.9099563031E-06   4.7619821735E-03   2.2578886200E-06  -2.1568914850E-07
   15     -9.9079685920E-03   3.5498832099E-02  -7.9169997197E-08  -5.9617711948E-03   2.3384772807E-03
   16      1.0111213541E-02  -1.0524586271E-02  -2.5401649194E-06   7.7760342842E-04   5.8839217221E-04
   17     -1.7706583004E-07  -4.2672944830E-06   2.4824304786E-03  -1.4237245108E-06   2.6066466987E-06
   18      4.7314100872E-04   7.0363545029E-04   2.2790637130E-07   3.6705227373E-05  -1.1510816411E-04
   19     -1.1525682240E-03   1.3726216350E-03  -9.2114998318E-07   2.8621704182E-06   2.1649266686E-04
   20      2.2818474341E-06   2.6998628673E-06  -2.6658588516E-03  -6.4748989936E-07   1.0814756653E-07
   21      1.3138012059E-03  -1.5309032138E-03   8.7405220576E-07  -1.2086067154E-04   3.9168238106E-04
   22      1.7426398948E-03   6.7304139319E-04   1.6387879407E-06  -7.3067305310E-04   6.5375294351E-04
   23      1.6673121277E-06  -2.3448730603E-06  -4.3334017037E-03  -9.5409751690E-08   1.7577709718E-06
   24     -3.6746022780E-04  -1.0549791422E-03  -7.4736601506E-07   4.9564288413E-05   6.4715675814E-05
   25      3.0125654748E-04   3.1129097090E-04   2.1596923989E-07  -3.6171981660E-05  -1.7247472760E-05
   26      5.0117303071E-07  -3.6628353991E-07   4.4472017013E-04   1.0827278399E-07   1.9530781347E-07
   27      3.1466585736E-04   1.2298919397E-03  -4.3183745926E-07  -3.9281077976E-04   1.8901243121E-04
   28     -2.1753658027E-04  -2.9882857891E-04  -4.7631294690E-08   1.3782992930E-04  -6.1113094014E-05
   29      5.7849719603E-07   8.9147677829E-08   3.7345070164E-04   2.6042809551E-07  -6.6114811682E-08
   30      4.9517638092E-01   2.1549239940E-02   3.8215072666E-05  -4.6798211574E-02   1.1374815976E-02
   31      2.1549239940E-02   5.7748179075E-01   3.2654075033E-06   6.4672174743E-03  -3.1692645847E-01
   32      3.8215072666E-05   3.2654075033E-06   5.3594694639E-01  -1.1595753313E-05   2.6497236438E-04
   33     -4.6798211574E-02   6.4672174743E-03  -1.1595753313E-05   5.1676717978E-02  -1.2124230340E-02
   34      1.1374815976E-02  -3.1692645847E-01   2.6497236438E-04  -1.2124230340E-02   3.3926443177E-01
   35     -1.7713785444E-05   2.6793611986E-04  -4.5168671946E-02   8.5848197860E-06  -2.9019191459E-04
   36     -1.0283822360E-01  -4.2406784025E-02   1.0423663466E-01   1.9113047293E-04   6.0661242242E-04
   37     -4.1934266140E-02  -7.5825982984E-02   7.3192275441E-02  -1.4398781299E-02  -7.8403321430E-03
   38      1.0357259842E-01   7.3594550568E-02  -2.1718162105E-01  -1.5778470507E-03  -7.4100803874E-04
   39     -1.0302392604E-01  -4.2677308550E-02  -1.0424962548E-01   1.9394035125E-04   6.1264554477E-04
   40     -4.2212670259E-02  -7.6140419830E-02  -7.3459843613E-02  -1.4417249771E-02  -7.8852489811E-03
   41     -1.0360487768E-01  -7.3855543056E-02  -2.1672374064E-01   1.6099955143E-03   7.6104157074E-04
   42     -8.1245897199E-05  -1.3233892405E-03   5.3029669865E-06  -4.3078677138E-04   4.4787503986E-04
   43      3.7526649889E-04   7.0401451959E-04  -1.2727004747E-06   5.3987613897E-05  -9.0582358687E-05
   44      7.5865465723E-07  -4.4003131283E-07  -5.8528058001E-04   1.6081727082E-07   4.3761741318E-07
   45      3.8022048662E-05   2.1216852752E-04  -6.5120667049E-07   2.5084931903E-05  -3.6269074729E-05
   46      3.5880020628E-06   3.8584202824E-05  -6.5421701451E-07   1.7196628026E-05  -2.1155151657E-05
   47      1.6584419679E-07   1.8434025564E-07  -2.4522496365E-05  -8.8658209184E-08  -2.9817164421E-08
                   35                 36                 37                 38                 39        
    0      3.9486171525E-06  -1.7737981879E-02   4.9704546643E-03  -1.2073950731E-03  -1.7750051197E-02
    1     -1.0352286163E-05  -9.8802441886E-03   3.9547809270E-03  -1.6903809234E-03  -9.9359373813E-03
    2     -1.6734871235E-03   2.2624826481E-02  -9.5714779187E-03   3.9510348157E-03  -2.2591266014E-02
    3      6.8786810149E-07  -1.7952515506E-03  -7.8351314559E-04  -5.4475654593E-04  -1.8068079637E-03
    4     -6.0841678724E-08   2.5593339436E-03  -3.2775206425E-04  -4.3619686264E-04   2.5647115413E-03
    5      1.0220380166E-04   7.3218732838E-04  -8.2515037101E-05  -4.1607306631E-04  -7.3505173774E-04
    6     -9.0282320744E-07  -8.7623426747E-04   5.7965067837E-04  -7.2779144781E-05  -8.7656829358E-04
    7      1.1965294375E-06   9.6208733111E-05  -5.9944843154E-04  -2.0389213815E-05   9.1923991324E-05
    8     -1.5498915745E-04  -1.3819467267E-03   1.0489437146E-04  -2.4181756026E-04   1.3803620532E-03
    9      2.1262189223E-07   1.1098338151E-03   6.4967949574E-05  -4.1498807567E-04   1.1075062593E-03
   10     -1.9237428802E-06  -3.3011197992E-04   9.9954044894E-04  -1.5846489171E-04  -3.2973848830E-04
   11      1.7082553520E-05   9.5901165871E-05  -2.5328699831E-04   1.4977689746E-05  -9.5500011459E-05
   12      2.4148418990E-06  -9.4416239238E-04  -8.9143296297E-04   5.0776772248E-04  -9.4102599369E-04
   13     -7.6080275312E-07  -3.1421285182E-04   2.7203648407E-04  -5.6143104798E-05  -3.1394745403E-04
   14      3.8576832873E-04  -7.9150620462E-04   2.2459622439E-05   1.1733177250E-04   7.8956650510E-04
   15      1.5220634454E-07   1.6332335857E-03   1.1573205901E-03  -3.6745803290E-04   1.6360651653E-03
   16      8.3762589329E-08  -2.0549726099E-03  -3.0247717669E-04   5.2511007849E-04  -2.0549406192E-03
   17      1.2982166943E-03  -6.2740983579E-04   6.4350631439E-05   1.0367858493E-03   6.2883970780E-04
   18      2.2579792142E-07   2.8820570488E-04  -1.2264018615E-04   4.1803751055E-05   2.8880052954E-04
   19      4.5756056309E-07   3.6220264340E-04  -1.4974595736E-04  -1.9594983400E-04   3.6402708200E-04
   20     -1.8613331655E-04   5.2893849152E-04   1.9057566046E-04  -2.6658972424E-04  -5.2869629516E-04
   21     -4.3886819488E-07   3.2025492404E-05   4.7345679214E-05  -3.9368560899E-05   3.2615233438E-05
   22     -4.5689024399E-07  -1.4243708122E-05   2.0652801322E-04  -1.2365087295E-06  -1.3554231319E-05
   23      9.9001375715E-05   6.1694349983E-04   9.4243599863E-05   1.2921226537E-04  -6.1573608268E-04
   24      3.7449684794E-08  -3.0011182352E-04   4.9323818016E-05   1.1624045084E-05  -3.0083968225E-04
   25      8.7607030478E-09   5.1510200076E-05  -1.5906880990E-05  -4.7289361196E-06   5.1859189607E-05
   26     -5.7451201509E-05  -1.0927664654E-04   9.8272470086E-05   1.7415217547E-05   1.0944104288E-04
   27      1.0385719814E-07  -2.6455965667E-05  -3.2653505826E-05   4.0348566371E-05  -2.6231032512E-05
   28     -6.7520561217E-08   5.6456680469E-05  -1.4226168881E-05  -1.1799783678E-05   5.6276343093E-05
   29     -1.3241378437E-04  -7.2652606787E-06   4.6279772427E-05  -2.0279779682E-05   7.1853103251E-06
   30     -1.7713785444E-05  -1.0283822360E-01  -4.1934266140E-02   1.0357259842E-01  -1.0302392604E-01
   31      2.6793611986E-04  -4.2406784025E-02  -7.5825982984E-02   7.3594550568E-02  -4.2677308550E-02
   32     -4.5168671946E-02   1.0423663466E-01   7.3192275441E-02  -2.1718162105E-01  -1.0424962548E-01
   33      8.5848197860E-06   1.9113047293E-04  -1.4398781299E-02  -1.5778470507E-03   1.9394035125E-04
   34     -2.9019191459E-04   6.0661242242E-04  -7.8403321430E-03  -7.4100803874E-04   6.1264554477E-04
   35      4.2613265417E-02  -2.0959006591E-03   2.5043691166E-02   1.3991667330E-03   2.0991045914E-03
   36     -2.0959006591E-03   1.1519419457E-01   4.4904139457E-02  -1.1207343312E-01   7.2496106206E-03
   37      2.5043691166E-02   4.4904139457E-02   7.6141877384E-02  -7.9864259516E-02   5.8919381185E-03
   38      1.3991667330E-03  -1.1207343312E-01  -7.9864259516E-02   2.3104268368E-01   1.1835595956E-02
