
$orca_hessian_file

$act_atom
  0

$act_coord
  0

$act_energy
        0.000000

$multiplicity
  1

$hessian
42
                    0                  1                  2                  3                  4        
    0      3.3980461806E-01   1.5543473889E-01   1.9242622782E-01  -1.0206358836E-01  -1.5142637705E-02
    1      1.5543473889E-01   6.1091860447E-01  -7.5630213368E-02   1.8289095044E-03  -4.5675279583E-02
    2      1.9242622782E-01  -7.5630213368E-02   5.5514907319E-01  -1.1557347549E-01  -1.9612375186E-02
    3     -1.0206358836E-01   1.8289095044E-03  -1.1557347549E-01   4.7325961079E-01   3.1590694631E-01
    4     -1.5142637705E-02  -4.5675279583E-02  -1.9612375186E-02   3.1590694631E-01   3.3094053839E-01
    5     -1.0223787230E-01   1.0035213644E-02  -2.2306218507E-01   5.0723547999E-01   3.2367062934E-01
    6     -8.8564492395E-02  -3.2151931371E-02  -1.1279427616E-03  -4.4705675304E-03   9.9534103779E-03
    7     -8.8084247431E-04  -2.4270877792E-01   1.2872521169E-01   1.4899625397E-03   6.1989953185E-03
    8     -2.5311694234E-02   7.3990866042E-02  -1.7505295241E-01  -2.3355141898E-02   1.9005465375E-02
    9      1.3056379450E-02   4.4711230861E-02  -2.3305545696E-02   5.9083804484E-03  -2.6691415057E-03
   10      1.9921475474E-02   4.0296454639E-02   8.8834316764E-03   5.5144570466E-04  -2.5718661491E-03
   11     -4.1301857505E-03   5.2179445738E-02  -4.0820991581E-02  -1.3484767586E-04   1.7051468901E-03
   12     -9.0331007054E-03  -1.5516259412E-02   9.7352554623E-03  -2.4865771242E-03  -3.3713203152E-04
   13     -1.5130463968E-02  -6.3451658329E-02   1.6460660842E-02  -3.4838113429E-05   1.4088798016E-03
   14      9.4146067032E-03   1.5787867164E-02  -3.4695670592E-03  -2.7922220945E-03  -2.2994843585E-03
   15     -1.5463817269E-02  -3.2228326467E-02  -1.3343329940E-02   4.4063200119E-03  -1.9790403286E-03
   16     -8.0374315778E-03   2.5239548387E-02  -2.8581639117E-02  -4.5516668371E-03  -3.8520606730E-03
   17     -3.1897392960E-02  -7.0795297538E-02   5.1978430301E-03   8.9501463925E-04   4.0146147126E-03
   18     -1.3315987445E-01  -8.1490311071E-02  -4.0946506721E-02  -1.6294097881E-02  -2.1801363762E-02
   19     -1.1296948789E-01  -2.7351960297E-01  -4.3309847812E-02  -1.0247520280E-02  -4.5897515061E-04
   20     -1.6773581864E-02   1.1603517141E-02  -1.1212966949E-01  -3.0346054023E-02  -3.3291203467E-02
   21      4.4373672953E-03  -1.0089146182E-03  -4.4899866282E-03  -5.2354026135E-04  -7.7962984212E-04
   22     -1.3635252182E-03   2.5078730123E-03   1.4217812507E-03  -2.8384679576E-04  -1.5618193049E-04
   23     -4.2066743113E-03   2.0374037418E-03  -1.4829899291E-03  -9.7502352592E-04  -1.1187447753E-03
   24      4.8880153393E-03  -1.2399555706E-02   9.1607197691E-03  -1.6668971758E-03   2.0464440736E-03
   25      2.5746571838E-03  -1.3793704855E-02   1.9051045408E-02   2.1746316223E-03   1.3194819120E-03
   26     -2.3799013636E-03  -7.0985360697E-03   6.4258057414E-03   2.1632563543E-03  -4.2052866026E-04
   27      3.8361078463E-03   1.9628906191E-03  -2.9242612009E-03  -1.5176445506E-03   1.7523352175E-03
   28     -1.2903701773E-02  -1.4243757269E-02  -7.9990030364E-03   9.3123786433E-04   1.1271704007E-03
   29      8.5194229845E-03   1.7981807551E-02   5.6744053829E-03   2.7296842750E-03  -4.9005022199E-04
   30      3.6291023458E-03  -2.6629341746E-03  -4.5424211035E-03  -3.0413346734E-04   2.6604534724E-04
   31     -2.4549726184E-03   2.1089881247E-03  -2.0739510568E-04   6.0581166914E-05   2.5883973857E-04
   32     -4.6968099351E-03  -5.5420525889E-04  -3.9220940644E-04  -7.9870480841E-04   3.6679791066E-04
   33     -8.4955869231E-05  -1.1649552958E-04   6.8150657772E-04  -7.2836173519E-04   2.9726546132E-04
   34     -1.4844501811E-04  -1.1306175631E-03   2.8585698937E-04   3.2268458279E-04   1.3072747200E-04
   35      7.0827547011E-04   3.4311504147E-04   5.4846123455E-04   1.7252937467E-04  -3.3360943657E-04
   36     -3.5876199902E-02  -3.3177047495E-02  -1.4001944624E-02  -3.3147411057E-01  -2.4067216276E-01
   37     -1.7246140663E-02  -3.8729098442E-02  -9.8334051741E-03  -2.6206018826E-01  -2.6184978907E-01
   38     -2.6529961568E-02  -3.7608743265E-02  -2.9668660994E-02  -3.0381066796E-01  -2.4543232668E-01
   39      1.4594438619E-02   6.8322533048E-03   8.2601416456E-03  -2.2044792593E-02  -4.6841249462E-02
   40      8.3285300195E-03   1.2181028297E-02   1.0332652764E-02  -4.6088428394E-02  -2.6820480483E-02
   41      7.0871041915E-03   7.7409976164E-03   1.3083637361E-02  -3.5397750004E-02  -4.5772692362E-02
                    5                  6                  7                  8                  9        
    0     -1.0223787230E-01  -8.8564492395E-02  -8.8084247431E-04  -2.5311694234E-02   1.3056379450E-02
    1      1.0035213644E-02  -3.2151931371E-02  -2.4270877792E-01   7.3990866042E-02   4.4711230861E-02
    2     -2.2306218507E-01  -1.1279427616E-03   1.2872521169E-01  -1.7505295241E-01  -2.3305545696E-02
    3      5.0723547999E-01  -4.4705675304E-03   1.4899625397E-03  -2.3355141898E-02   5.9083804484E-03
    4      3.2367062934E-01   9.9534103779E-03   6.1989953185E-03   1.9005465375E-02  -2.6691415057E-03
    5      6.7185330612E-01  -2.9843633441E-02   4.2312040411E-03  -4.7064420965E-02   2.3786925224E-03
    6     -2.9843633441E-02   3.4595727760E-01   1.8976744335E-01   2.1914693738E-01  -1.4895468814E-01
    7      4.2312040411E-03   1.8976744335E-01   6.4905308643E-01  -6.3502649438E-02  -4.3333682291E-02
    8     -4.7064420965E-02   2.1914693738E-01  -6.3502649438E-02   5.6882981148E-01  -1.1197295442E-01
    9      2.3786925224E-03  -1.4895468814E-01  -4.3333682291E-02  -1.1197295442E-01   3.2594852988E-01
   10      7.3350784423E-03  -1.3483045849E-02  -1.2173495970E-01   1.9800375942E-02   1.5174959583E-01
   11      4.1804106576E-03  -1.3498388801E-01  -3.2336037575E-02  -2.7668606257E-01   2.0216980603E-01
   12     -2.5926342890E-03  -1.3396845723E-02  -1.1216800258E-02  -3.1541343184E-02  -1.4051140765E-01
   13     -1.7914098274E-03  -3.3002659547E-02   2.1994591402E-02  -6.7180158172E-02  -9.1126480869E-02
   14     -3.9381239959E-03  -1.4797063799E-02  -2.9177218218E-02   6.2823479121E-03  -5.5760460247E-02
   15     -1.0371991884E-03  -1.0719796731E-02   9.4365841970E-03  -1.5635016158E-02   1.9589420897E-02
   16     -4.5557456717E-04   9.8431337073E-03  -1.2147059797E-02   2.1987007565E-02  -2.5421482724E-02
   17      4.3581838255E-03  -1.5954095606E-02   2.1297325209E-02  -5.0230199607E-02   3.7226966127E-02
   18     -2.1503041148E-02   1.9755704998E-02  -2.4260215581E-02   3.3309447999E-02  -2.6611478506E-02
   19     -1.3170470625E-02  -3.7091566412E-03  -4.4198734953E-02   3.6420885575E-02  -1.9031074472E-02
   20     -2.1637206125E-02   1.7445362867E-02   4.2848943763E-04   4.1594142461E-02  -2.1343562053E-02
   21     -5.8517980318E-04  -5.5138627995E-04   6.3866139948E-04   1.0830953078E-04   5.0002936892E-03
   22     -2.4813817213E-04   6.7214997657E-04   2.7101747480E-04   2.7380831744E-04  -8.3573027536E-04
   23     -6.7641196806E-04   8.1552321710E-05   2.1920868011E-04  -9.2251991175E-04  -2.6256851652E-03
   24      2.2605210767E-03   2.2270718086E-03  -3.6671737855E-03  -2.9772684334E-03  -9.0380686678E-04
   25     -2.0889935414E-04  -4.2254096859E-03  -2.0246621551E-03  -1.5432751703E-03  -1.1033070022E-04
   26      2.2595506220E-04  -2.5384102323E-03  -5.6010260958E-04   1.5430385781E-03   1.2171219525E-05
   27      2.1080704530E-03  -1.1249206018E-01  -1.2496129686E-01  -3.6050518760E-02  -3.0697183635E-03
   28     -1.9229946498E-03  -1.2400647171E-01  -2.5852600964E-01  -4.5687698445E-02   4.2969246549E-04
   29      1.6439034192E-03  -3.6750677246E-02  -4.7358508912E-02  -6.4651490554E-02  -1.2641355026E-02
   30     -9.5263110438E-04   3.6485582927E-03   1.2645667280E-02  -1.0960311247E-02  -4.5656477725E-02
   31      3.1136635716E-06  -1.5819198078E-03   5.8086562779E-03  -3.9070546334E-03   7.3785104612E-04
   32     -1.5396491543E-03   2.9333638731E-06   2.0966882438E-02  -1.1807959224E-02  -1.2060113486E-02
   33      1.9938651606E-04   3.7108648676E-03  -4.3772406279E-03  -2.1062814212E-03  -3.3921128615E-03
   34     -2.8562312003E-04  -3.9502309396E-03  -3.0731804860E-03   7.4130470106E-04  -1.3860035415E-02
   35     -4.1031439737E-04  -2.4293003738E-03  -3.8370030779E-07   2.5988614231E-03  -1.6588245163E-03
   36     -3.2057100597E-01   6.6644077762E-03   4.4782293547E-04   1.0221845548E-02   3.6434165062E-05
   37     -2.8268217241E-01   8.8921427116E-03   3.0878518427E-03   1.3559853904E-02  -1.3949102457E-03
   38     -3.7704529184E-01   3.6266231582E-03  -1.1414175490E-03   7.8585977861E-03  -3.4868083215E-04
   39     -3.4871030467E-02  -2.8140483659E-03  -1.7446792422E-03  -2.8667613339E-03  -4.3974842434E-04
   40     -4.4501595493E-02  -3.0016651655E-03  -2.0008140914E-03  -3.9694140308E-03   1.5289726358E-04
   41     -6.8881555772E-03  -1.8876469790E-03  -1.7813210250E-03  -2.2911943969E-03  -6.8429920696E-05
                   10                 11                 12                 13                 14        
    0      1.9921475474E-02  -4.1301857505E-03  -9.0331007054E-03  -1.5130463968E-02   9.4146067032E-03
    1      4.0296454639E-02   5.2179445738E-02  -1.5516259412E-02  -6.3451658329E-02   1.5787867164E-02
    2      8.8834316764E-03  -4.0820991581E-02   9.7352554623E-03   1.6460660842E-02  -3.4695670592E-03
    3      5.5144570466E-04  -1.3484767586E-04  -2.4865771242E-03  -3.4838113429E-05  -2.7922220945E-03
    4     -2.5718661491E-03   1.7051468901E-03  -3.3713203152E-04   1.4088798016E-03  -2.2994843585E-03
    5      7.3350784423E-03   4.1804106576E-03  -2.5926342890E-03  -1.7914098274E-03  -3.9381239959E-03
    6     -1.3483045849E-02  -1.3498388801E-01  -1.3396845723E-02  -3.3002659547E-02  -1.4797063799E-02
    7     -1.2173495970E-01  -3.2336037575E-02  -1.1216800258E-02   2.1994591402E-02  -2.9177218218E-02
    8      1.9800375942E-02  -2.7668606257E-01  -3.1541343184E-02  -6.7180158172E-02   6.2823479121E-03
    9      1.5174959583E-01   2.0216980603E-01  -1.4051140765E-01  -9.1126480869E-02  -5.5760460247E-02
   10      6.4641833441E-01  -1.2279018351E-01  -1.2131603036E-01  -2.7319343955E-01  -5.4190676618E-02
   11     -1.2279018351E-01   5.9145077885E-01  -3.2497477399E-02  -1.4441361348E-03  -1.2428299366E-01
   12     -1.2131603036E-01  -3.2497477399E-02   3.4292784842E-01   1.5592474933E-01   2.3396084049E-01
   13     -2.7319343955E-01  -1.4441361348E-03   1.5592474933E-01   6.0092947384E-01  -8.2696015366E-02
   14     -5.4190676618E-02  -1.2428299366E-01   2.3396084049E-01  -8.2696015366E-02   6.1347873621E-01
   15     -3.3567933422E-03   2.0197672068E-02  -8.9062838934E-02  -2.6856750425E-02  -1.5346724760E-02
   16     -4.8797394792E-02   5.3113535537E-04   3.0867347967E-03  -2.4629618199E-01   1.4269347574E-01
   17      3.9123735079E-02   4.4445808961E-02  -3.8453657814E-02   9.0279029220E-02  -2.0543722824E-01
   18     -1.9521319130E-02  -2.0969022002E-02   1.5590248245E-02   4.1548036024E-02  -2.1767176734E-02
   19     -2.0876583746E-02  -2.1794126952E-02   1.9894109534E-02   3.7978902101E-02   1.3006888030E-02
   20     -2.2638676868E-02  -2.5865788362E-02  -5.0461368248E-03   5.0804054804E-02  -3.8322534155E-02
   21     -1.2581201784E-03  -2.2973728957E-03   4.8329516447E-03   2.0850992530E-03  -1.0302061140E-03
   22     -1.1259400343E-03   4.7126673675E-03  -1.2150259148E-02  -1.3911832402E-02  -7.0524361044E-03
   23      3.9645598225E-03  -7.7678369564E-04   9.9498981929E-03   1.7849911424E-02   8.1222534836E-03
   24     -4.1326252879E-05  -3.9458666701E-05   3.1746152294E-03  -2.6553403814E-03  -4.9118567529E-03
   25      2.9114614543E-05  -8.8289171176E-04  -2.2661222995E-03   2.0390040322E-03  -1.3664929264E-05
   26     -7.6654873023E-04  -2.5007018439E-04  -5.2108518418E-03  -6.8363804377E-04  -1.4310535214E-03
   27     -1.3608361231E-02  -1.8157633841E-03   3.7944718478E-03  -1.1580595793E-03  -5.0616394582E-03
   28      2.6730391432E-03   1.7594742700E-03  -1.5809907121E-03   2.3840275966E-03   9.4269444175E-04
   29     -2.2780088169E-02  -5.5618746158E-04  -4.7280551411E-03   1.6925144649E-03  -2.3734841646E-03
   30      6.4757233493E-04  -1.1986102672E-02   4.8874557275E-03  -1.2022339028E-02   9.9905024765E-03
   31     -2.2174663866E-01   1.4209894742E-01   2.2408812557E-03  -1.3840007595E-02   1.8034878380E-02
   32      1.4191529818E-01  -1.6962254867E-01  -1.0008650129E-03  -6.8789381845E-03   8.0204635714E-03
   33      4.9386037790E-04  -1.2737492471E-02  -1.2163001257E-01  -1.7870466210E-02  -1.3320560231E-01
   34      2.0516903373E-03  -2.2968057020E-02  -1.7852421369E-02  -5.6830361663E-02  -1.6322069164E-02
   35      2.1253761929E-03  -8.5371348370E-04  -1.3326653015E-01  -1.6352616038E-02  -2.5793063197E-01
   36     -1.1635889118E-03  -4.9775455617E-04   1.7185841967E-03   1.9841033305E-04   2.8102768307E-03
   37     -1.7081397605E-03  -4.2032514611E-04   1.8459259015E-03   7.7272607979E-04   2.5827161049E-03
   38     -6.0340066023E-05   3.2459179573E-04   1.5558727112E-03  -2.6800176506E-04   2.8729179789E-03
   39      3.8623657242E-04  -2.8013714484E-04  -8.0539260646E-04   1.2640505256E-04  -1.5199130562E-03
   40      2.8632924249E-04  -3.5094145423E-04  -7.8168710218E-04   1.5876675911E-05  -1.3219673735E-03
   41      7.8541083353E-05  -6.8645059474E-04  -8.4767637755E-04   2.3375504515E-04  -1.5911023871E-03
                   15                 16                 17                 18                 19        
    0     -1.5463817269E-02  -8.0374315778E-03  -3.1897392960E-02  -1.3315987445E-01  -1.1296948789E-01
    1     -3.2228326467E-02   2.5239548387E-02  -7.0795297538E-02  -8.1490311071E-02  -2.7351960297E-01
    2     -1.3343329940E-02  -2.8581639117E-02   5.1978430301E-03  -4.0946506721E-02  -4.3309847812E-02
    3      4.4063200119E-03  -4.5516668371E-03   8.9501463925E-04  -1.6294097881E-02  -1.0247520280E-02
    4     -1.9790403286E-03  -3.8520606730E-03   4.0146147126E-03  -2.1801363762E-02  -4.5897515061E-04
    5     -1.0371991884E-03  -4.5557456717E-04   4.3581838255E-03  -2.1503041148E-02  -1.3170470625E-02
    6     -1.0719796731E-02   9.8431337073E-03  -1.5954095606E-02   1.9755704998E-02  -3.7091566412E-03
    7      9.4365841970E-03  -1.2147059797E-02   2.1297325209E-02  -2.4260215581E-02  -4.4198734953E-02
    8     -1.5635016158E-02   2.1987007565E-02  -5.0230199607E-02   3.3309447999E-02   3.6420885575E-02
    9      1.9589420897E-02  -2.5421482724E-02   3.7226966127E-02  -2.6611478506E-02  -1.9031074472E-02
   10     -3.3567933422E-03  -4.8797394792E-02   3.9123735079E-02  -1.9521319130E-02  -2.0876583746E-02
   11      2.0197672068E-02   5.3113535537E-04   4.4445808961E-02  -2.0969022002E-02  -2.1794126952E-02
   12     -8.9062838934E-02   3.0867347967E-03  -3.8453657814E-02   1.5590248245E-02   1.9894109534E-02
   13     -2.6856750425E-02  -2.4629618199E-01   9.0279029220E-02   4.1548036024E-02   3.7978902101E-02
   14     -1.5346724760E-02   1.4269347574E-01  -2.0543722824E-01  -2.1767176734E-02   1.3006888030E-02
   15      3.4391122048E-01   1.8387059558E-01   2.0748119451E-01  -1.4860188226E-01  -1.2922036645E-02
   16      1.8387059558E-01   6.5832889707E-01  -7.5548146437E-02  -4.2338995046E-02  -1.2260490220E-01
   17      2.0748119451E-01  -7.5548146437E-02   5.6499234656E-01  -1.1114309475E-01   2.0980134785E-02
   18     -1.4860188226E-01  -4.2338995046E-02  -1.1114309475E-01   3.2694360002E-01   1.4943684024E-01
   19     -1.2922036645E-02  -1.2260490220E-01   2.0980134785E-02   1.4943684024E-01   6.4260788311E-01
   20     -1.3380406739E-01  -3.0375191546E-02  -2.7664652021E-01   2.1286043918E-01  -1.2717892106E-01
   21     -1.1335152133E-01  -1.2273257712E-01  -3.4766337923E-02  -3.2416677756E-03  -1.4137916329E-02
   22     -1.2289025251E-01  -2.5917334091E-01  -4.5230002150E-02   1.6682934000E-04   2.1042347107E-03
   23     -3.4637178898E-02  -4.4938379272E-02  -6.5248288770E-02  -1.3195210585E-02  -2.3075635034E-02
   24      3.6299119125E-03   1.2746450817E-02  -1.0162622739E-02  -4.4375830232E-02   2.6777076981E-03
   25     -1.1559280524E-03   6.6274667535E-03  -4.1933217590E-03   1.4666060575E-03  -2.2047606977E-01
   26      5.3914813637E-04   2.0107730623E-02  -1.0720459408E-02  -1.3500000223E-02   1.4581433272E-01
   27     -5.3513966460E-04   5.9856534483E-04   1.2539647679E-04   4.1033149473E-03  -8.0928011569E-04
   28      6.9693307862E-04   2.5565663697E-04   3.4885577256E-04  -2.7568688482E-04  -9.3948663404E-04
   29      5.7154631802E-05   1.7936540257E-04  -9.1411704690E-04  -2.2567435494E-03   3.5481818364E-03
   30      3.0720718525E-03  -4.2040410996E-03  -3.2352007699E-03  -9.2883145013E-04   7.8022119244E-06
   31     -4.6345025330E-03  -2.1748580919E-03  -1.2110886986E-03  -3.2011167015E-05   7.4696967976E-05
   32     -2.8934007720E-03  -4.4806935815E-04   2.0674009317E-03   1.7706381284E-05  -7.7269539180E-04
   33      3.4218713577E-03  -1.4762894298E-03   5.9192751641E-04   5.0564681653E-03  -1.6247106032E-03
   34      1.2831724201E-02   5.7955923496E-03   2.0841955034E-02  -2.0439397779E-03  -2.3526623010E-03
   35     -1.0430607878E-02  -4.1854489099E-03  -1.1286914536E-02  -1.7006935540E-03   4.3150463513E-03
   36      4.8805940300E-05  -1.9912954451E-03  -1.1599326104E-03   2.6791532152E-03   3.4691252718E-03
   37     -1.3135588674E-03  -1.6265682439E-03   2.2481067287E-04  -4.8548290183E-05   2.7730159121E-03
   38     -1.7168982674E-03  -9.8799349626E-04  -6.0144326822E-04   2.5090140287E-03   4.8714014679E-03
   39     -3.4462626454E-04   5.8102692293E-04   4.7245692609E-04  -9.1482703619E-04  -3.9548030720E-05
   40      5.2862421786E-04   4.2520551513E-04  -1.1879518835E-04  -8.0077490522E-04  -1.1171506942E-04
   41      5.4863287500E-04   7.9192987901E-06   2.3587784238E-05  -1.7160999768E-03   3.3950945519E-04
                   20                 21                 22                 23                 24        
    0     -1.6773581864E-02   4.4373672953E-03  -1.3635252182E-03  -4.2066743113E-03   4.8880153393E-03
    1      1.1603517141E-02  -1.0089146182E-03   2.5078730123E-03   2.0374037418E-03  -1.2399555706E-02
    2     -1.1212966949E-01  -4.4899866282E-03   1.4217812507E-03  -1.4829899291E-03   9.1607197691E-03
    3     -3.0346054023E-02  -5.2354026135E-04  -2.8384679576E-04  -9.7502352592E-04  -1.6668971758E-03
    4     -3.3291203467E-02  -7.7962984212E-04  -1.5618193049E-04  -1.1187447753E-03   2.0464440736E-03
    5     -2.1637206125E-02  -5.8517980318E-04  -2.4813817213E-04  -6.7641196806E-04   2.2605210767E-03
    6      1.7445362867E-02  -5.5138627995E-04   6.7214997657E-04   8.1552321710E-05   2.2270718086E-03
    7      4.2848943763E-04   6.3866139948E-04   2.7101747480E-04   2.1920868011E-04  -3.6671737855E-03
    8      4.1594142461E-02   1.0830953078E-04   2.7380831744E-04  -9.2251991175E-04  -2.9772684334E-03
    9     -2.1343562053E-02   5.0002936892E-03  -8.3573027536E-04  -2.6256851652E-03  -9.0380686678E-04
   10     -2.2638676868E-02  -1.2581201784E-03  -1.1259400343E-03   3.9645598225E-03  -4.1326252879E-05
   11     -2.5865788362E-02  -2.2973728957E-03   4.7126673675E-03  -7.7678369564E-04  -3.9458666701E-05
   12     -5.0461368248E-03   4.8329516447E-03  -1.2150259148E-02   9.9498981929E-03   3.1746152294E-03
   13      5.0804054804E-02   2.0850992530E-03  -1.3911832402E-02   1.7849911424E-02  -2.6553403814E-03
   14     -3.8322534155E-02  -1.0302061140E-03  -7.0524361044E-03   8.1222534836E-03  -4.9118567529E-03
   15     -1.3380406739E-01  -1.1335152133E-01  -1.2289025251E-01  -3.4637178898E-02   3.6299119125E-03
   16     -3.0375191546E-02  -1.2273257712E-01  -2.5917334091E-01  -4.4938379272E-02   1.2746450817E-02
   17     -2.7664652021E-01  -3.4766337923E-02  -4.5230002150E-02  -6.5248288770E-02  -1.0162622739E-02
   18      2.1286043918E-01  -3.2416677756E-03   1.6682934000E-04  -1.3195210585E-02  -4.4375830232E-02
   19     -1.2717892106E-01  -1.4137916329E-02   2.1042347107E-03  -2.3075635034E-02   2.6777076981E-03
   20      6.0916684438E-01  -2.1709477541E-03   1.9317735437E-03  -1.0353975413E-03  -1.4430002141E-02
   21     -2.1709477541E-03   1.0905903307E-01   1.3396159785E-01   4.0826028728E-02  -2.4674565602E-03
   22      1.9317735437E-03   1.3396159785E-01   2.6976017564E-01   4.6611900237E-02   1.4221368698E-03
   23     -1.0353975413E-03   4.0826028728E-02   4.6611900237E-02   6.2063637593E-02   2.3852069900E-03
   24     -1.4430002141E-02  -2.4674565602E-03   1.4221368698E-03   2.3852069900E-03   3.5896976001E-02
   25      1.4374759326E-01   1.6506785707E-03  -1.1158910475E-05  -5.4319657735E-04  -2.9086746212E-04
   26     -1.7332960795E-01   2.2102555806E-03  -9.3864685169E-04   1.3090099240E-04   1.8432586079E-02
   27     -1.8441075578E-03  -5.7936586587E-04   1.8858726832E-04   3.4800970786E-04   2.3557198055E-04
   28      4.4925484594E-03   2.0045057418E-04  -1.4259604811E-04  -2.0271711771E-04  -6.1059655447E-04
   29     -1.1624617710E-03   3.3916023620E-04  -2.2333733448E-04  -9.5481425030E-05   4.2359195592E-04
   30     -4.2965103241E-06   8.4027346068E-05  -5.4988158558E-04   4.6252075644E-04  -5.1522229248E-04
   31     -8.2959091057E-04   1.1241267028E-04  -7.4955904898E-04   8.2325351717E-04   3.0141213469E-04
   32     -3.0415570750E-04  -4.8309400974E-05  -3.3552438620E-04   2.3695991971E-04   3.5758385261E-04
   33     -2.0226807736E-03  -2.5848303501E-03   1.5029767928E-03   1.7397633432E-03   1.3121001601E-04
   34      3.5855957464E-03   1.2581379340E-03   5.1675505362E-04  -1.4712571343E-03   5.4133877214E-04
   35      6.3609244452E-04   1.9325782405E-03  -1.0427938111E-03  -6.8727046154E-05  -5.2330516401E-04
   36     -2.3171227909E-04   1.3132830181E-04   3.5983753139E-04   7.4269743779E-05  -6.7835081910E-04
   37     -1.3285155051E-03   1.5669925884E-04   2.8504801773E-04  -1.2475373086E-06  -1.3483942983E-04
   38      1.8230836484E-03   2.2507683436E-04   3.4825461768E-04   5.3277507970E-05  -1.3901243430E-04
   39     -2.2876712358E-03  -2.4523293013E-04  -1.9832248243E-04  -2.2405015485E-04   4.2419165874E-04
   40     -9.4615638233E-04  -1.4887703497E-04  -1.7449461751E-04  -1.5090084446E-04   6.3740943843E-05
   41     -2.7868216113E-03  -2.5649577474E-04  -2.3346565364E-04  -3.0042920968E-04   1.6382076072E-04
                   25                 26                 27                 28                 29        
    0      2.5746571838E-03  -2.3799013636E-03   3.8361078463E-03  -1.2903701773E-02   8.5194229845E-03
    1     -1.3793704855E-02  -7.0985360697E-03   1.9628906191E-03  -1.4243757269E-02   1.7981807551E-02
    2      1.9051045408E-02   6.4258057414E-03  -2.9242612009E-03  -7.9990030364E-03   5.6744053829E-03
    3      2.1746316223E-03   2.1632563543E-03  -1.5176445506E-03   9.3123786433E-04   2.7296842750E-03
    4      1.3194819120E-03  -4.2052866026E-04   1.7523352175E-03   1.1271704007E-03  -4.9005022199E-04
    5     -2.0889935414E-04   2.2595506220E-04   2.1080704530E-03  -1.9229946498E-03   1.6439034192E-03
    6     -4.2254096859E-03  -2.5384102323E-03  -1.1249206018E-01  -1.2400647171E-01  -3.6750677246E-02
    7     -2.0246621551E-03  -5.6010260958E-04  -1.2496129686E-01  -2.5852600964E-01  -4.7358508912E-02
    8     -1.5432751703E-03   1.5430385781E-03  -3.6050518760E-02  -4.5687698445E-02  -6.4651490554E-02
    9     -1.1033070022E-04   1.2171219525E-05  -3.0697183635E-03   4.2969246549E-04  -1.2641355026E-02
   10      2.9114614543E-05  -7.6654873023E-04  -1.3608361231E-02   2.6730391432E-03  -2.2780088169E-02
   11     -8.8289171176E-04  -2.5007018439E-04  -1.8157633841E-03   1.7594742700E-03  -5.5618746158E-04
   12     -2.2661222995E-03  -5.2108518418E-03   3.7944718478E-03  -1.5809907121E-03  -4.7280551411E-03
   13      2.0390040322E-03  -6.8363804377E-04  -1.1580595793E-03   2.3840275966E-03   1.6925144649E-03
   14     -1.3664929264E-05  -1.4310535214E-03  -5.0616394582E-03   9.4269444175E-04  -2.3734841646E-03
   15     -1.1559280524E-03   5.3914813637E-04  -5.3513966460E-04   6.9693307862E-04   5.7154631802E-05
   16      6.6274667535E-03   2.0107730623E-02   5.9856534483E-04   2.5565663697E-04   1.7936540257E-04
   17     -4.1933217590E-03  -1.0720459408E-02   1.2539647679E-04   3.4885577256E-04  -9.1411704690E-04
   18      1.4666060575E-03  -1.3500000223E-02   4.1033149473E-03  -2.7568688482E-04  -2.2567435494E-03
   19     -2.2047606977E-01   1.4581433272E-01  -8.0928011569E-04  -9.3948663404E-04   3.5481818364E-03
   20      1.4374759326E-01  -1.7332960795E-01  -1.8441075578E-03   4.4925484594E-03  -1.1624617710E-03
   21      1.6506785707E-03   2.2102555806E-03  -5.7936586587E-04   2.0045057418E-04   3.3916023620E-04
   22     -1.1158910475E-05  -9.3864685169E-04   1.8858726832E-04  -1.4259604811E-04  -2.2333733448E-04
   23     -5.4319657735E-04   1.3090099240E-04   3.4800970786E-04  -2.0271711771E-04  -9.5481425030E-05
   24     -2.9086746212E-04   1.8432586079E-02   2.3557198055E-04  -6.1059655447E-04   4.2359195592E-04
   25      2.2696515479E-01  -1.5576978164E-01   4.1950755536E-05  -7.1567043214E-04   8.2855491761E-04
   26     -1.5576978164E-01   1.7780913521E-01  -7.9441089819E-05  -3.1175233507E-04   3.6398461654E-04
   27      4.1950755536E-05  -7.9441089819E-05   1.0914947328E-01   1.3498213144E-01   4.3025759574E-02
   28     -7.1567043214E-04  -3.1175233507E-04   1.3498213144E-01   2.6816474450E-01   4.8394811056E-02
   29      8.2855491761E-04   3.6398461654E-04   4.3025759574E-02   4.8394811056E-02   6.2793347722E-02
   30      2.8996472734E-04   3.6664172429E-04  -2.5225853128E-03   1.4066668240E-03   2.3532493235E-03
   31     -1.1065160610E-04  -4.4345443929E-05   1.6013124790E-03  -1.2004134256E-05  -6.5397750401E-04
   32     -6.5023696851E-05  -1.7754650766E-04   2.2056174972E-03  -9.8521913779E-04   1.3181321918E-04
   33     -1.1919992454E-04  -1.4046067144E-05  -1.7663016197E-04   1.3902661606E-05  -6.3013835694E-04
   34      1.9857932448E-04   9.4077415054E-04  -6.5933475018E-04   2.2732374038E-05  -1.0309872028E-03
   35     -2.1388551857E-04  -5.5772688058E-04  -1.1205258425E-04   1.4380439048E-04  -1.2828732958E-04
   36     -1.3570216059E-04  -1.3680677194E-04  -5.9017813604E-04   7.6626813964E-04  -3.3249868878E-04
   37     -1.6744778597E-04  -5.1085982221E-04   1.0454468385E-04  -9.6231782276E-05  -3.1162804797E-04
   38     -5.1866441779E-04  -3.7255960744E-04   1.7269909694E-04   7.9803146011E-04  -8.0760278650E-04
   39      1.0553963123E-04   1.3489434338E-04   3.6438232827E-04  -4.4305956432E-05  -1.0389446864E-04
   40      1.2056408676E-04   2.4832045473E-04  -4.1514738504E-05   4.8385288194E-05   2.2973739357E-04
   41      3.1899344724E-04   3.4020386383E-04  -1.0242927386E-04   2.2276964195E-04   8.1658179880E-05
                   30                 31                 32                 33                 34        
    0      3.6291023458E-03  -2.4549726184E-03  -4.6968099351E-03  -8.4955869231E-05  -1.4844501811E-04
    1     -2.6629341746E-03   2.1089881247E-03  -5.5420525889E-04  -1.1649552958E-04  -1.1306175631E-03
    2     -4.5424211035E-03  -2.0739510568E-04  -3.9220940644E-04   6.8150657772E-04   2.8585698937E-04
    3     -3.0413346734E-04   6.0581166914E-05  -7.9870480841E-04  -7.2836173519E-04   3.2268458279E-04
    4      2.6604534724E-04   2.5883973857E-04   3.6679791066E-04   2.9726546132E-04   1.3072747200E-04
    5     -9.5263110438E-04   3.1136635716E-06  -1.5396491543E-03   1.9938651606E-04  -2.8562312003E-04
    6      3.6485582927E-03  -1.5819198078E-03   2.9333638731E-06   3.7108648676E-03  -3.9502309396E-03
    7      1.2645667280E-02   5.8086562779E-03   2.0966882438E-02  -4.3772406279E-03  -3.0731804860E-03
    8     -1.0960311247E-02  -3.9070546334E-03  -1.1807959224E-02  -2.1062814212E-03   7.4130470106E-04
    9     -4.5656477725E-02   7.3785104612E-04  -1.2060113486E-02  -3.3921128615E-03  -1.3860035415E-02
   10      6.4757233493E-04  -2.2174663866E-01   1.4191529818E-01   4.9386037790E-04   2.0516903373E-03
   11     -1.1986102672E-02   1.4209894742E-01  -1.6962254867E-01  -1.2737492471E-02  -2.2968057020E-02
   12      4.8874557275E-03   2.2408812557E-03  -1.0008650129E-03  -1.2163001257E-01  -1.7852421369E-02
   13     -1.2022339028E-02  -1.3840007595E-02  -6.8789381845E-03  -1.7870466210E-02  -5.6830361663E-02
   14      9.9905024765E-03   1.8034878380E-02   8.0204635714E-03  -1.3320560231E-01  -1.6322069164E-02
   15      3.0720718525E-03  -4.6345025330E-03  -2.8934007720E-03   3.4218713577E-03   1.2831724201E-02
   16     -4.2040410996E-03  -2.1748580919E-03  -4.4806935815E-04  -1.4762894298E-03   5.7955923496E-03
   17     -3.2352007699E-03  -1.2110886986E-03   2.0674009317E-03   5.9192751641E-04   2.0841955034E-02
   18     -9.2883145013E-04  -3.2011167015E-05   1.7706381284E-05   5.0564681653E-03  -2.0439397779E-03
   19      7.8022119244E-06   7.4696967976E-05  -7.7269539180E-04  -1.6247106032E-03  -2.3526623010E-03
   20     -4.2965103241E-06  -8.2959091057E-04  -3.0415570750E-04  -2.0226807736E-03   3.5855957464E-03
   21      8.4027346068E-05   1.1241267028E-04  -4.8309400974E-05  -2.5848303501E-03   1.2581379340E-03
   22     -5.4988158558E-04  -7.4955904898E-04  -3.3552438620E-04   1.5029767928E-03   5.1675505362E-04
   23      4.6252075644E-04   8.2325351717E-04   2.3695991971E-04   1.7397633432E-03  -1.4712571343E-03
   24     -5.1522229248E-04   3.0141213469E-04   3.5758385261E-04   1.3121001601E-04   5.4133877214E-04
   25      2.8996472734E-04  -1.1065160610E-04  -6.5023696851E-05  -1.1919992454E-04   1.9857932448E-04
   26      3.6664172429E-04  -4.4345443929E-05  -1.7754650766E-04  -1.4046067144E-05   9.4077415054E-04
   27     -2.5225853128E-03   1.6013124790E-03   2.2056174972E-03  -1.7663016197E-04  -6.5933475018E-04
   28      1.4066668240E-03  -1.2004134256E-05  -9.8521913779E-04   1.3902661606E-05   2.2732374038E-05
   29      2.3532493235E-03  -6.5397750401E-04   1.3181321918E-04  -6.3013835694E-04  -1.0309872028E-03
   30      3.6836116334E-02   2.0616291588E-03   1.6594349096E-02  -2.3252138154E-03   1.8945048263E-03
   31      2.0616291588E-03   2.2983515779E-01  -1.5318868715E-01   1.6440313972E-03   6.4034127002E-04
   32      1.6594349096E-02  -1.5318868715E-01   1.7359273623E-01   1.9877667967E-03  -4.1125291120E-04
   33     -2.3252138154E-03   1.6440313972E-03   1.9877667967E-03   1.1860226907E-01   2.1581057889E-02
   34      1.8945048263E-03   6.4034127002E-04  -4.1125291120E-04   2.1581057889E-02   5.4002396389E-02
   35      1.7981446644E-03  -8.4415389846E-04  -3.9691516320E-04   1.4544174519E-01   1.6027980352E-02
   36      3.2212467446E-04  -1.4989090908E-04   7.9768273323E-04  -1.4936805389E-05   1.3790451200E-04
   37      4.3074780920E-04  -1.6319617033E-04   8.2091351305E-04   1.7168688397E-04   2.8637034034E-05
   38      3.4497515134E-04  -1.8785186153E-04   6.7317135938E-04   2.3065701883E-04   4.0109400850E-05
   39     -2.2699250949E-04   9.3471829342E-05  -4.6615027522E-04   1.4370688081E-05  -5.6245541840E-05
   40     -2.1169073467E-04   7.0235134797E-05  -4.2426349185E-04  -1.1707904481E-04  -6.2959113036E-07
   41     -2.2870581552E-04   1.0793915619E-04  -4.8156139463E-04  -1.5296098949E-04   2.1042669665E-05
                   35                 36                 37                 38                 39        
    0      7.0827547011E-04  -3.5876199902E-02  -1.7246140663E-02  -2.6529961568E-02   1.4594438619E-02
    1      3.4311504147E-04  -3.3177047495E-02  -3.8729098442E-02  -3.7608743265E-02   6.8322533048E-03
    2      5.4846123455E-04  -1.4001944624E-02  -9.8334051741E-03  -2.9668660994E-02   8.2601416456E-03
    3      1.7252937467E-04  -3.3147411057E-01  -2.6206018826E-01  -3.0381066796E-01  -2.2044792593E-02
    4     -3.3360943657E-04  -2.4067216276E-01  -2.6184978907E-01  -2.4543232668E-01  -4.6841249462E-02
    5     -4.1031439737E-04  -3.2057100597E-01  -2.8268217241E-01  -3.7704529184E-01  -3.4871030467E-02
    6     -2.4293003738E-03   6.6644077762E-03   8.8921427116E-03   3.6266231582E-03  -2.8140483659E-03
    7     -3.8370030779E-07   4.4782293547E-04   3.0878518427E-03  -1.1414175490E-03  -1.7446792422E-03
    8      2.5988614231E-03   1.0221845548E-02   1.3559853904E-02   7.8585977861E-03  -2.8667613339E-03
    9     -1.6588245163E-03   3.6434165062E-05  -1.3949102457E-03  -3.4868083215E-04  -4.3974842434E-04
   10      2.1253761929E-03  -1.1635889118E-03  -1.7081397605E-03  -6.0340066023E-05   3.8623657242E-04
   11     -8.5371348370E-04  -4.9775455617E-04  -4.2032514611E-04   3.2459179573E-04  -2.8013714484E-04
   12     -1.3326653015E-01   1.7185841967E-03   1.8459259015E-03   1.5558727112E-03  -8.0539260646E-04
   13     -1.6352616038E-02   1.9841033305E-04   7.7272607979E-04  -2.6800176506E-04   1.2640505256E-04
   14     -2.5793063197E-01   2.8102768307E-03   2.5827161049E-03   2.8729179789E-03  -1.5199130562E-03
   15     -1.0430607878E-02   4.8805940300E-05  -1.3135588674E-03  -1.7168982674E-03  -3.4462626454E-04
   16     -4.1854489099E-03  -1.9912954451E-03  -1.6265682439E-03  -9.8799349626E-04   5.8102692293E-04
   17     -1.1286914536E-02  -1.1599326104E-03   2.2481067287E-04  -6.0144326822E-04   4.7245692609E-04
   18     -1.7006935540E-03   2.6791532152E-03  -4.8548290183E-05   2.5090140287E-03  -9.1482703619E-04
   19      4.3150463513E-03   3.4691252718E-03   2.7730159121E-03   4.8714014679E-03  -3.9548030720E-05
   20      6.3609244452E-04  -2.3171227909E-04  -1.3285155051E-03   1.8230836484E-03  -2.2876712358E-03
   21      1.9325782405E-03   1.3132830181E-04   1.5669925884E-04   2.2507683436E-04  -2.4523293013E-04
   22     -1.0427938111E-03   3.5983753139E-04   2.8504801773E-04   3.4825461768E-04  -1.9832248243E-04
   23     -6.8727046154E-05   7.4269743779E-05  -1.2475373086E-06   5.3277507970E-05  -2.2405015485E-04
   24     -5.2330516401E-04  -6.7835081910E-04  -1.3483942983E-04  -1.3901243430E-04   4.2419165874E-04
   25     -2.1388551857E-04  -1.3570216059E-04  -1.6744778597E-04  -5.1866441779E-04   1.0553963123E-04
   26     -5.5772688058E-04  -1.3680677194E-04  -5.1085982221E-04  -3.7255960744E-04   1.3489434338E-04
   27     -1.1205258425E-04  -5.9017813604E-04   1.0454468385E-04   1.7269909694E-04   3.6438232827E-04
   28      1.4380439048E-04   7.6626813964E-04  -9.6231782276E-05   7.9803146011E-04  -4.4305956432E-05
   29     -1.2828732958E-04  -3.3249868878E-04  -3.1162804797E-04  -8.0760278650E-04  -1.0389446864E-04
   30      1.7981446644E-03   3.2212467446E-04   4.3074780920E-04   3.4497515134E-04  -2.2699250949E-04
   31     -8.4415389846E-04  -1.4989090908E-04  -1.6319617033E-04  -1.8785186153E-04   9.3471829342E-05
   32     -3.9691516320E-04   7.9768273323E-04   8.2091351305E-04   6.7317135938E-04  -4.6615027522E-04
   33      1.4544174519E-01  -1.4936805389E-05   1.7168688397E-04   2.3065701883E-04   1.4370688081E-05
   34      1.6027980352E-02   1.3790451200E-04   2.8637034034E-05   4.0109400850E-05  -5.6245541840E-05
   35      2.6782911162E-01   2.6917180978E-04   1.1033676742E-04   1.5398915107E-04  -2.0468110505E-04
   36      2.6917180978E-04   7.0728344525E-01   5.1189353689E-01   6.4773445700E-01  -3.5025050729E-01
   37      1.1033676742E-04   5.1189353689E-01   5.5349233052E-01   5.4211337628E-01  -2.4133953907E-01
   38      1.5398915107E-04   6.4773445700E-01   5.4211337628E-01   8.1078658277E-01  -3.2384757299E-01
   39     -2.0468110505E-04  -3.5025050729E-01  -2.4133953907E-01  -3.2384757299E-01   3.6268878473E-01
   40     -8.8140274402E-05  -2.3994077724E-01  -2.5609913815E-01  -2.6191290168E-01   2.8209882920E-01
   41     -1.3328506431E-04  -3.2498262912E-01  -2.6437678604E-01  -4.1605065351E-01   3.5782281786E-01
                   40                 41        
     0      8.3285300195E-03   7.0871041915E-03
     1      1.2181028297E-02   7.7409976164E-03
     2      1.0332652764E-02   1.3083637361E-02
     3     -4.6088428394E-02  -3.5397750004E-02
     4     -2.6820480483E-02  -4.5772692362E-02
     5     -4.4501595493E-02  -6.8881555772E-03
     6     -3.0016651655E-03  -1.8876469790E-03
     7     -2.0008140914E-03  -1.7813210250E-03
     8     -3.9694140308E-03  -2.2911943969E-03
     9      1.5289726358E-04  -6.8429920696E-05
    10      2.8632924249E-04   7.8541083353E-05
    11     -3.5094145423E-04  -6.8645059474E-04
    12     -7.8168710218E-04  -8.4767637755E-04
    13      1.5876675911E-05   2.3375504515E-04
    14     -1.3219673735E-03  -1.5911023871E-03
    15      5.2862421786E-04   5.4863287500E-04
    16      4.2520551513E-04   7.9192987901E-06
    17     -1.1879518835E-04   2.3587784238E-05
    18     -8.0077490522E-04  -1.7160999768E-03
    19     -1.1171506942E-04   3.3950945519E-04
    20     -9.4615638233E-04  -2.7868216113E-03
    21     -1.4887703497E-04  -2.5649577474E-04
    22     -1.7449461751E-04  -2.3346565364E-04
    23     -1.5090084446E-04  -3.0042920968E-04
    24      6.3740943843E-05   1.6382076072E-04
    25      1.2056408676E-04   3.1899344724E-04
    26      2.4832045473E-04   3.4020386383E-04
    27     -4.1514738504E-05  -1.0242927386E-04
    28      4.8385288194E-05   2.2276964195E-04
    29      2.2973739357E-04   8.1658179880E-05
    30     -2.1169073467E-04  -2.2870581552E-04
    31      7.0235134797E-05   1.0793915619E-04
    32     -4.2426349185E-04  -4.8156139463E-04
    33     -1.1707904481E-04  -1.5296098949E-04
    34     -6.2959113036E-07   2.1042669665E-05
    35     -8.8140274402E-05  -1.3328506431E-04
    36     -2.3994077724E-01  -3.2498262912E-01
    37     -2.5609913815E-01  -2.6437678604E-01
    38     -2.6191290168E-01  -4.1605065351E-01
    39      2.8209882920E-01   3.5782281786E-01
    40      2.7205964776E-01   3.0303358164E-01
    41      3.0303358164E-01   4.1768056655E-01

$vibrational_frequencies
42
    0        0.0000000000000000
    1        0.0000000000000000
    2        0.0000000000000000
    3        0.0000000000000000
    4        0.0000000000000000
    5        0.0000000000000000
    6       68.6890551992091929
    7       78.0326104514889067
    8      249.4700786468653746
    9      391.8218794424133193
   10      425.1319502596878692
   11      462.5464920742853110
   12      520.3729328372583041
   13      560.8831477131054726
   14      615.0240884526349419
   15      633.1784809031812529
   16      715.7084557582656998
   17      768.8471570483644655
   18      784.4395711771624065
   19      854.6651343208882281
   20      943.4271522219139570
   21     1004.9482105214920011
   22     1014.1213181418052045
   23     1031.4440656917811339
   24     1043.5348062874825246
   25     1092.7255256341511540
   26     1151.0226498932399863
   27     1159.6705500647415192
   28     1176.9683556902311921
   29     1320.2279467343678334
   30     1359.8311298459793761
   31     1478.0175753371104292
   32     1488.7495945533887607
   33     1581.7439814570038834
   34     1632.0272197265983323
   35     1655.7477511205011069
   36     2388.8585695878559818
   37     3178.9124377927892056
   38     3185.8529739758482719
   39     3194.8822543592414149
   40     3200.4953751286880106
   41     3206.0211828245319339

$normal_modes
42 42
                    0                  1                  2                  3                  4        
    0      0.0000000000E+00   0.0000000000E+00   0.0000000000E+00   0.0000000000E+00   0.0000000000E+00
    1      0.0000000000E+00   0.0000000000E+00   0.0000000000E+00   0.0000000000E+00   0.0000000000E+00
    2      0.0000000000E+00   0.0000000000E+00   0.0000000000E+00   0.0000000000E+00   0.0000000000E+00
    3      0.0000000000E+00   0.0000000000E+00   0.0000000000E+00   0.0000000000E+00   0.0000000000E+00
    4      0.0000000000E+00   0.0000000000E+00   0.0000000000E+00   0.0000000000E+00   0.0000000000E+00
