
$orca_hessian_file

$act_atom
  0

$act_coord
  0

$act_energy
        0.000000

$multiplicity
  1

$hessian
39
                    0                  1                  2                  3                  4        
    0      4.3489460772E-01   6.3066808557E-02   5.5739100145E-02  -1.3410704234E-01   3.8220151786E-02
    1      6.3066808557E-02   5.9465697416E-01  -3.3871999157E-02   3.7097534237E-02  -1.0726472552E-01
    2      5.5739100145E-02  -3.3871999157E-02   5.4069736863E-01  -3.7042343692E-02   1.8553878431E-02
    3     -1.3410704234E-01   3.7097534237E-02  -3.7042343692E-02   5.6233481337E-01   8.8554495725E-03
    4      3.8220151786E-02  -1.0726472552E-01   1.8553878431E-02   8.8554495725E-03   4.9500283209E-01
    5     -4.6777974429E-02   2.4840214722E-02  -9.6828569339E-02  -2.8594752705E-02   1.0824659257E-01
    6      1.0436141413E-02   1.2707425112E-02  -9.3252249430E-03  -1.0080359413E-01  -3.6018676521E-02
    7      4.5628359089E-03  -2.2041143142E-02   1.7194529124E-02  -3.5950804863E-02  -1.1384931097E-01
    8     -2.5294320108E-03   2.6983497854E-02  -1.5463456470E-02   2.8942477880E-02   3.7405776615E-02
    9     -1.3476509350E-02  -1.3724500955E-02  -1.2267319825E-02  -1.5811969837E-01  -9.7572189176E-02
   10      1.4135754123E-02   1.0909011205E-02   1.1625600936E-02  -9.9566601121E-02  -1.3702311357E-01
   11     -8.4275711307E-03  -6.8061607702E-03  -9.3326729176E-03  -8.0976553298E-02  -7.7514047121E-02
   12     -7.1112972143E-03   6.8109102457E-03   1.6264001306E-02  -1.0772411815E-01   6.7106492066E-02
   13      4.3030734412E-03  -6.9447126600E-03  -1.3529501728E-02   6.9926540978E-02  -1.1992296035E-01
   14     -6.3794381514E-03   6.6870984754E-03   1.0454571982E-02   9.2761113249E-02  -1.0147017651E-01
   15      1.5235124109E-03  -1.6613898665E-02   1.4860472252E-02  -2.4461524599E-02   6.3960443333E-03
   16     -1.8975474360E-02  -4.9376184862E-03   1.6441200563E-02  -1.8841327413E-03   1.2410766183E-02
   17      1.3902803577E-02   1.7386532909E-02  -4.5438908718E-02   1.8545650024E-02  -6.1116652949E-03
   18     -3.0868806369E-03  -1.8963383842E-03   4.1911289469E-03   1.2542843762E-02  -7.8900955806E-03
   19      4.9997240806E-04  -2.3022381105E-03   6.7591792283E-04   9.6476093742E-03  -6.2100260082E-03
   20      3.9326254583E-03   1.9085918511E-03  -2.3303248611E-03  -1.2908800595E-02   6.1844665095E-03
   21      8.1099879677E-05   3.4474332775E-04  -3.4152277668E-04  -1.0231739393E-02  -1.2964028267E-02
   22     -2.6988081235E-04   3.7797015636E-04  -8.7673113368E-04  -8.1744763727E-03  -1.1952260936E-02
   23      5.2782349161E-04  -1.4856029580E-04   3.9945378580E-04   1.1049776948E-02   1.7084172597E-02
   24     -1.1916364800E-01   3.4064958542E-02   4.0866459551E-02  -3.4776168472E-02   2.0526956000E-02
   25      1.4634942767E-02  -7.5386084434E-02   6.2734873784E-03   1.4002639558E-02  -7.3227591135E-03
   26      6.7827362756E-02  -1.5586411555E-02  -1.3781315417E-01   1.3334703000E-02  -5.8734113200E-03
   27     -2.9368598863E-03  -3.6234384227E-04   1.7252255354E-03   8.7300823147E-04   1.5760348234E-04
   28      3.5640921982E-03   1.5484180637E-04   2.1236687328E-04  -5.8369497891E-04   4.9614392835E-04
   29     -5.5136969765E-03  -7.6166848913E-04   1.3942136348E-03  -5.5131165378E-04   4.0487547514E-04
   30      3.5799921392E-04   1.2510146358E-03  -1.5689032649E-03  -1.8193849295E-03   3.1011315453E-03
   31      1.3220059794E-03  -4.3986343036E-03  -2.7629887974E-03   3.1889264660E-03  -2.7798183663E-03
   32     -6.3613307104E-06   4.5349146215E-03   5.3868889469E-04   5.2271697037E-04   3.5524666644E-04
   33     -1.0055924242E-01  -5.5659096585E-02  -8.9359486342E-02  -1.3208716827E-02  -1.2227969331E-02
   34     -5.6875713937E-02  -1.1030268203E-01  -8.5076679569E-02   9.1126443814E-03   9.1239760238E-03
   35     -8.8077774496E-02  -8.2447486377E-02  -1.8139375035E-01  -5.8564261978E-03  -5.7397859026E-03
   36     -6.6851880795E-02  -6.7078454270E-02   1.6169281757E-02   9.5013218489E-03   2.2320577933E-02
   37     -6.8197330017E-02  -2.7252095864E-01   6.5185393074E-02  -5.6830823342E-03  -1.0708743384E-02
   38      1.5871664447E-02   5.7236962295E-02  -6.4883460106E-02   7.5069635308E-04   8.4616653588E-03
                    5                  6                  7                  8                  9        
    0     -4.6777974429E-02   1.0436141413E-02   4.5628359089E-03  -2.5294320108E-03  -1.3476509350E-02
    1      2.4840214722E-02   1.2707425112E-02  -2.2041143142E-02   2.6983497854E-02  -1.3724500955E-02
    2     -9.6828569339E-02  -9.3252249430E-03   1.7194529124E-02  -1.5463456470E-02  -1.2267319825E-02
    3     -2.8594752705E-02  -1.0080359413E-01  -3.5950804863E-02   2.8942477880E-02  -1.5811969837E-01
    4      1.0824659257E-01  -3.6018676521E-02  -1.1384931097E-01   3.7405776615E-02  -9.7572189176E-02
    5      5.3439751775E-01   3.1856051519E-02   3.4995540097E-02  -1.2007040132E-01  -7.9246140386E-02
    6      3.1856051519E-02   4.9200911395E-01  -3.2446939162E-03   1.1116948671E-01  -8.0968939169E-03
    7      3.4995540097E-02  -3.2446939162E-03   5.6321708941E-01  -8.0737414973E-03  -7.9288258570E-03
    8     -1.2007040132E-01   1.1116948671E-01  -8.0737414973E-03   5.3645527303E-01  -6.6567343681E-03
    9     -7.9246140386E-02  -8.0968939169E-03  -7.9288258570E-03  -6.6567343681E-03   1.6896313516E-01
   10     -7.7851379932E-02  -1.2378733018E-02  -1.4127725461E-02  -8.7875467812E-03   1.0774383227E-01
   11     -1.0915162720E-01   1.4628519711E-02   1.4165889200E-02   1.0643751437E-02   8.9125342444E-02
   12      8.8833826654E-02  -6.0225639680E-03   6.2794927963E-03   6.2429682129E-03   1.0885733331E-02
   13     -1.0191403094E-01  -1.1454810762E-02   1.2232283274E-02   1.4593541670E-02   8.8026199167E-03
   14     -1.8163506595E-01   8.6316911077E-03  -1.1637439869E-02  -1.1873588491E-02   6.7821848699E-03
   15      2.6883002137E-02  -1.2242141356E-01   3.9858053867E-02   3.2496124722E-02   3.6126541496E-04
   16      2.3334349967E-03   4.0991577164E-02  -1.1992373339E-01  -4.0697860765E-02  -2.1346719090E-04
   17     -1.5052044179E-02   2.4536167698E-02  -3.2369650953E-02  -9.5951415225E-02  -7.4983355629E-04
   18      1.3427134205E-02  -1.4257590200E-01   6.1551496372E-02  -1.1674809147E-01   9.4589360073E-04
   19      8.8794692888E-03   5.8737427560E-02  -8.2047868441E-02   6.8083246168E-02   5.8657757365E-04
   20     -1.1971641638E-02  -1.1701799474E-01   7.2036918435E-02  -1.8451526111E-01   2.7796626256E-04
   21     -7.4922346271E-03  -1.0055399846E-01  -8.8408028673E-02  -6.0952416125E-02  -5.3534864484E-04
   22     -8.1065785054E-03  -8.6458490252E-02  -1.9490278163E-01  -9.2560677788E-02  -1.1431964038E-03
   23      1.0596383016E-02  -6.0342338506E-02  -9.4222029788E-02  -1.0897734706E-01   1.8043907834E-03
   24      2.5890227567E-02  -1.4335164398E-02   1.7624076761E-02  -1.1315278696E-02   2.5986417171E-04
   25     -6.4435762099E-03   2.3991581298E-02  -2.7320147329E-02   2.4552135731E-02   9.9911182721E-04
   26     -2.2123176230E-03  -8.5265857168E-03   1.2312174541E-02  -2.5486772731E-03   6.7303470358E-04
   27     -5.2371391202E-04   8.8210827952E-03   1.3456991063E-02   1.6385728101E-02  -8.6461379633E-05
   28      1.1510576388E-04  -7.9006937243E-03  -1.3147862954E-02  -1.3906760927E-02   7.9183534835E-05
   29      3.4794228572E-04  -4.3448498744E-03  -6.6609750235E-03  -5.5965350555E-03   3.3889286294E-04
   30      1.1668008058E-03  -1.3166734490E-02  -9.9361364796E-03   4.3478964996E-03   1.4420670383E-04
   31     -1.3623975755E-03   1.8181524482E-02   1.1814519726E-02  -8.0166446978E-03   6.2065983487E-05
   32     -9.2876738894E-04   7.9991581964E-03   2.1447513957E-03  -1.5407925092E-03   2.1758663449E-04
   33     -1.6604443774E-02   5.8734826976E-04  -6.3568360319E-04   2.3260246567E-04  -2.6187253943E-03
   34      1.3449218023E-02   1.1589927120E-04   7.8787505136E-04  -5.0451932594E-04   2.2669664385E-03
   35     -5.7872865529E-03   5.1049792811E-04  -4.8528902038E-04   3.8060465676E-04  -1.0880777572E-03
   36     -8.7947293360E-03  -3.8774214980E-03   2.7828687897E-03  -1.6078962631E-03   1.3735386679E-03
   37      2.8307996286E-03   2.7190211421E-03  -6.9119415048E-04   9.3251876329E-04   4.4943968383E-05
   38     -1.7041218639E-03   2.1798524410E-04   5.9635833884E-04  -9.4215461226E-04   8.0403323344E-04
                   10                 11                 12                 13                 14        
    0      1.4135754123E-02  -8.4275711307E-03  -7.1112972143E-03   4.3030734412E-03  -6.3794381514E-03
    1      1.0909011205E-02  -6.8061607702E-03   6.8109102457E-03  -6.9447126600E-03   6.6870984754E-03
    2      1.1625600936E-02  -9.3326729176E-03   1.6264001306E-02  -1.3529501728E-02   1.0454571982E-02
    3     -9.9566601121E-02  -8.0976553298E-02  -1.0772411815E-01   6.9926540978E-02   9.2761113249E-02
    4     -1.3702311357E-01  -7.7514047121E-02   6.7106492066E-02  -1.1992296035E-01  -1.0147017651E-01
    5     -7.7851379932E-02  -1.0915162720E-01   8.8833826654E-02  -1.0191403094E-01  -1.8163506595E-01
    6     -1.2378733018E-02   1.4628519711E-02  -6.0225639680E-03  -1.1454810762E-02   8.6316911077E-03
    7     -1.4127725461E-02   1.4165889200E-02   6.2794927963E-03   1.2232283274E-02  -1.1637439869E-02
    8     -8.7875467812E-03   1.0643751437E-02   6.2429682129E-03   1.4593541670E-02  -1.1873588491E-02
    9      1.0774383227E-01   8.9125342444E-02   1.0885733331E-02   8.8026199167E-03   6.7821848699E-03
   10      1.4780843511E-01   7.7611611995E-02  -1.0168079513E-02  -8.6133985722E-03  -6.5263278160E-03
   11      7.7611611995E-02   1.1560138489E-01  -1.4176144693E-02  -1.1407636778E-02  -9.2721272466E-03
   12     -1.0168079513E-02  -1.4176144693E-02   1.1630763805E-01  -7.3085209590E-02  -9.9757099858E-02
   13     -8.6133985722E-03  -1.1407636778E-02  -7.3085209590E-02   1.2442313629E-01   1.0750103194E-01
   14     -6.5263278160E-03  -9.2721272466E-03  -9.9757099858E-02   1.0750103194E-01   1.9155094455E-01
   15      4.0615531209E-04  -2.4481011816E-04  -2.0768035577E-03  -1.7402714221E-03   1.1610717335E-03
   16      1.0413329558E-04   4.9522366665E-04   6.7580313542E-04  -3.2507981468E-03   4.2202180655E-03
   17     -4.7883835297E-04   3.7636026389E-04  -1.0962340639E-04   4.2420056173E-03  -2.3632328083E-03
   18      7.9543207642E-04  -5.6671013807E-04   8.4291997415E-05   3.8784616523E-04  -1.6184356473E-04
   19      7.5469640436E-04  -2.6796861935E-04  -2.0015616499E-04   1.1907249646E-04   1.0703973750E-04
   20     -6.1920975188E-04   1.4807261194E-03   1.3689424464E-04  -1.4087047962E-04  -1.6350115786E-04
   21     -2.7316046504E-03   3.0532598775E-03   5.0486586244E-04   7.0798984778E-04  -6.6970187534E-04
   22     -1.2289826825E-03   2.3941552606E-03   4.9341131899E-04   1.1810397523E-03   1.6001143205E-04
   23      3.4168415247E-03  -1.9863966939E-03  -1.5773384350E-04  -5.9706549305E-04   1.4626295978E-03
   24     -1.2230876057E-03  -8.9190122736E-05  -5.0250629728E-03   3.2310552644E-03  -3.7233043353E-03
   25      5.9561468605E-05  -2.9977516889E-04   1.6699389435E-03  -8.4687552208E-04   1.9032250352E-03
   26     -1.8068336640E-04   1.0841612161E-03   2.2458573674E-03   2.3327808515E-04   1.1421051953E-03
   27     -5.1047465247E-05   2.6281071345E-05  -4.5391243047E-05  -6.8314777282E-05  -1.9790683038E-04
   28      5.0445146858E-04  -1.8659699014E-04   2.0494979913E-04   7.5713294097E-05  -3.1088258066E-05
   29      5.6444531003E-05   7.3112598855E-06   3.5193449613E-04  -5.6381637761E-05   1.2810436682E-04
   30      7.5922151661E-05  -2.6648534300E-04  -3.4191265016E-04  -7.5037350250E-04   8.2853298387E-04
   31      1.5078811793E-04  -1.4560148858E-06   2.5495485736E-04   8.0071090024E-04  -8.7871217721E-04
   32      1.9792590673E-04  -5.2258680577E-05   3.5306600302E-04   5.4314613133E-05  -7.6393284719E-05
   33      3.4889356410E-03  -2.8740569986E-03   8.3127468225E-04  -4.2098180395E-04   3.7591445556E-04
   34     -9.4275721368E-04   2.0449758851E-03  -6.0206908967E-04   1.1570479077E-03  -3.3691681508E-04
   35      1.4101992517E-03   1.1126110894E-04   1.9850145189E-04   3.0213509249E-04   9.9883789598E-04
   36     -5.3000013131E-04   7.7279283731E-04  -2.6665416883E-04   1.6085884725E-04   3.5269460957E-04
   37      1.6449004235E-03  -2.3878437028E-04   5.5953859259E-04  -4.1025865764E-04   3.0360016287E-04
   38      1.3593168028E-04   4.9012644294E-04  -4.3035632883E-04   7.1761663124E-04  -3.5328465071E-04
                   15                 16                 17                 18                 19        
    0      1.5235124109E-03  -1.8975474360E-02   1.3902803577E-02  -3.0868806369E-03   4.9997240806E-04
    1     -1.6613898665E-02  -4.9376184862E-03   1.7386532909E-02  -1.8963383842E-03  -2.3022381105E-03
    2      1.4860472252E-02   1.6441200563E-02  -4.5438908718E-02   4.1911289469E-03   6.7591792283E-04
    3     -2.4461524599E-02  -1.8841327413E-03   1.8545650024E-02   1.2542843762E-02   9.6476093742E-03
    4      6.3960443333E-03   1.2410766183E-02  -6.1116652949E-03  -7.8900955806E-03  -6.2100260082E-03
    5      2.6883002137E-02   2.3334349967E-03  -1.5052044179E-02   1.3427134205E-02   8.8794692888E-03
    6     -1.2242141356E-01   4.0991577164E-02   2.4536167698E-02  -1.4257590200E-01   5.8737427560E-02
    7      3.9858053867E-02  -1.1992373339E-01  -3.2369650953E-02   6.1551496372E-02  -8.2047868441E-02
    8      3.2496124722E-02  -4.0697860765E-02  -9.5951415225E-02  -1.1674809147E-01   6.8083246168E-02
    9      3.6126541496E-04  -2.1346719090E-04  -7.4983355629E-04   9.4589360073E-04   5.8657757365E-04
   10      4.0615531209E-04   1.0413329558E-04  -4.7883835297E-04   7.9543207642E-04   7.5469640436E-04
   11     -2.4481011816E-04   4.9522366665E-04   3.7636026389E-04  -5.6671013807E-04  -2.6796861935E-04
   12     -2.0768035577E-03   6.7580313542E-04  -1.0962340639E-04   8.4291997415E-05  -2.0015616499E-04
   13     -1.7402714221E-03  -3.2507981468E-03   4.2420056173E-03   3.8784616523E-04   1.1907249646E-04
   14      1.1610717335E-03   4.2202180655E-03  -2.3632328083E-03  -1.6184356473E-04   1.0703973750E-04
   15      5.6587598697E-01   8.6754233289E-02  -4.3903101688E-02  -8.9210144954E-03   6.4140807511E-03
   16      8.6754233289E-02   4.6371382510E-01   4.9548988668E-02   3.8798701664E-03  -5.0273059008E-03
   17     -4.3903101688E-02   4.9548988668E-02   5.3952525858E-01  -1.6513395595E-02   1.3615295524E-02
   18     -8.9210144954E-03   3.8798701664E-03  -1.6513395595E-02   1.4878530814E-01  -6.5033593172E-02
   19      6.4140807511E-03  -5.0273059008E-03   1.3615295524E-02  -6.5033593172E-02   8.8736334453E-02
   20      7.5523947682E-03  -4.8997757675E-03   1.0320749006E-02   1.2428850906E-01  -7.7744684242E-02
   21      9.9138516871E-03   1.8743060075E-02   1.3737539537E-02  -7.5682162434E-03  -1.3612440403E-02
   22     -9.2148519295E-03  -1.2649431834E-02  -9.9290127140E-03   5.1628279361E-03   9.8654230479E-03
   23     -4.8690065245E-03  -9.3383665211E-03  -9.1076791258E-03  -8.6087939092E-03  -1.6310735402E-02
   24     -8.4745831548E-02   2.0621472555E-02  -6.9237196520E-04  -1.9001310842E-03   2.2612158992E-03
   25      4.0055175979E-02  -1.0806335820E-01   4.1615509641E-02   3.8311772173E-03  -3.9981849369E-03
   26     -2.7088968578E-02   6.3733739806E-02  -1.3855426184E-01  -2.4107304828E-04   2.3000640437E-03
   27     -8.8106945115E-02  -5.4094076278E-02  -6.5933656555E-02   1.3361594750E-03  -5.0919902689E-04
   28     -5.2814883979E-02  -1.2241994594E-01  -1.0440772015E-01  -3.2570392713E-04   6.5568886324E-04
   29     -6.3560222193E-02  -1.0267781573E-01  -1.8168973403E-01   2.6479214835E-04   2.4729651193E-04
   30     -2.4170597584E-01  -1.0093949514E-01   5.9783456885E-02  -5.4934135768E-04   5.1531433399E-04
   31     -9.9898441032E-02  -9.8334784349E-02   2.7224908931E-02   1.1788527677E-04  -1.4328093377E-04
   32      5.2069622327E-02   2.5473845969E-02  -6.4044226870E-02   7.8779189201E-04  -2.8608784929E-04
   33     -5.1409874633E-04   4.0441606219E-03  -1.6906914105E-04   4.7567632512E-05   2.1859485456E-04
   34      7.5902689637E-05  -2.2800604581E-03   1.7607178976E-03  -5.0774757389E-05  -1.4161751581E-05
   35      2.3994963266E-04  -5.4991324170E-03   1.4354578741E-03  -1.1845461627E-04   3.4169458253E-04
   36     -4.7210090275E-03   3.6603309458E-04  -2.4539428807E-03   8.5942121162E-04   4.7511832875E-04
   37      3.5313641046E-04   6.5831212240E-04  -2.0646881034E-03  -5.3055170487E-04  -3.8814918178E-04
   38      4.4228485953E-03   8.3391584488E-04   5.4367706196E-04  -1.5435505455E-06   3.6544932655E-04
                   20                 21                 22                 23                 24        
    0      3.9326254583E-03   8.1099879677E-05  -2.6988081235E-04   5.2782349161E-04  -1.1916364800E-01
    1      1.9085918511E-03   3.4474332775E-04   3.7797015636E-04  -1.4856029580E-04   3.4064958542E-02
    2     -2.3303248611E-03  -3.4152277668E-04  -8.7673113368E-04   3.9945378580E-04   4.0866459551E-02
    3     -1.2908800595E-02  -1.0231739393E-02  -8.1744763727E-03   1.1049776948E-02  -3.4776168472E-02
    4      6.1844665095E-03  -1.2964028267E-02  -1.1952260936E-02   1.7084172597E-02   2.0526956000E-02
    5     -1.1971641638E-02  -7.4922346271E-03  -8.1065785054E-03   1.0596383016E-02   2.5890227567E-02
    6     -1.1701799474E-01  -1.0055399846E-01  -8.6458490252E-02  -6.0342338506E-02  -1.4335164398E-02
    7      7.2036918435E-02  -8.8408028673E-02  -1.9490278163E-01  -9.4222029788E-02   1.7624076761E-02
    8     -1.8451526111E-01  -6.0952416125E-02  -9.2560677788E-02  -1.0897734706E-01  -1.1315278696E-02
    9      2.7796626256E-04  -5.3534864484E-04  -1.1431964038E-03   1.8043907834E-03   2.5986417171E-04
   10     -6.1920975188E-04  -2.7316046504E-03  -1.2289826825E-03   3.4168415247E-03  -1.2230876057E-03
   11      1.4807261194E-03   3.0532598775E-03   2.3941552606E-03  -1.9863966939E-03  -8.9190122736E-05
   12      1.3689424464E-04   5.0486586244E-04   4.9341131899E-04  -1.5773384350E-04  -5.0250629728E-03
   13     -1.4087047962E-04   7.0798984778E-04   1.1810397523E-03  -5.9706549305E-04   3.2310552644E-03
   14     -1.6350115786E-04  -6.6970187534E-04   1.6001143205E-04   1.4626295978E-03  -3.7233043353E-03
   15      7.5523947682E-03   9.9138516871E-03  -9.2148519295E-03  -4.8690065245E-03  -8.4745831548E-02
   16     -4.8997757675E-03   1.8743060075E-02  -1.2649431834E-02  -9.3383665211E-03   2.0621472555E-02
   17      1.0320749006E-02   1.3737539537E-02  -9.9290127140E-03  -9.1076791258E-03  -6.9237196520E-04
   18      1.2428850906E-01  -7.5682162434E-03   5.1628279361E-03  -8.6087939092E-03  -1.9001310842E-03
   19     -7.7744684242E-02  -1.3612440403E-02   9.8654230479E-03  -1.6310735402E-02   2.2612158992E-03
   20      1.9469695489E-01  -7.6053459528E-03   5.3538049730E-03  -9.3768263095E-03   2.5106241071E-03
   21     -7.6053459528E-03   1.0805651421E-01   9.5872998007E-02   5.8873234563E-02   9.7887713104E-05
   22      5.3538049730E-03   9.5872998007E-02   2.0922685853E-01   1.0226559159E-01   9.7388984938E-04
   23     -9.3768263095E-03   5.8873234563E-02   1.0226559159E-01   1.1534502162E-01  -2.9126639849E-04
   24      2.5106241071E-03   9.7887713104E-05   9.7388984938E-04  -2.9126639849E-04   2.4355614171E-01
   25     -3.2335891226E-03  -1.2276955769E-03   1.8674232758E-04  -1.5924327087E-04  -1.0238275632E-01
   26      1.1696527397E-03  -3.0817994399E-04   6.4138251973E-04   1.0504623021E-03  -8.3876764813E-02
   27     -3.9046241952E-04  -2.0910727917E-03   2.3947540852E-03   2.5147933000E-03   3.8022846593E-03
   28      2.9559717295E-04   3.6227826700E-03  -1.5273258426E-03  -2.4044426856E-03   9.1527337083E-03
   29      9.9967131588E-04   1.5525322477E-03  -7.7406659125E-04   1.6630477802E-04  -9.2471659994E-03
   30      2.3210027402E-04   1.7212249652E-03   1.0893042026E-04  -3.6097298028E-04   1.3218904754E-02
   31      4.0390415049E-04  -4.7213439042E-04   1.3044515265E-03   7.0762164283E-04  -1.1919791821E-02
   32     -3.4854502514E-04  -2.2627604603E-06   8.1165042379E-04   4.7846061397E-04   2.0491309228E-02
   33      7.5396490980E-06   4.8337121677E-04   1.9031103143E-04  -1.9152525595E-04   7.8249366312E-03
   34     -2.0176014614E-04   5.3314955812E-05  -5.4639409744E-05  -2.5455798437E-05   6.0488779993E-03
   35      1.2964356799E-04   1.0149000982E-06   3.6324670424E-04   3.2407864454E-06   7.2219334029E-03
   36     -1.0155004723E-03   1.2155999261E-04   5.7666749054E-05   5.0481907969E-05  -8.8140131693E-03
   37      6.5060942538E-04   7.7149449454E-05   1.7293699165E-04  -2.6598571866E-04   1.0434202436E-03
   38     -9.1297539126E-05   1.5521936136E-04   2.5488144669E-04  -5.3707314661E-05   1.2161114940E-02
                   25                 26                 27                 28                 29        
    0      1.4634942767E-02   6.7827362756E-02  -2.9368598863E-03   3.5640921982E-03  -5.5136969765E-03
    1     -7.5386084434E-02  -1.5586411555E-02  -3.6234384227E-04   1.5484180637E-04  -7.6166848913E-04
    2      6.2734873784E-03  -1.3781315417E-01   1.7252255354E-03   2.1236687328E-04   1.3942136348E-03
    3      1.4002639558E-02   1.3334703000E-02   8.7300823147E-04  -5.8369497891E-04  -5.5131165378E-04
    4     -7.3227591135E-03  -5.8734113200E-03   1.5760348234E-04   4.9614392835E-04   4.0487547514E-04
    5     -6.4435762099E-03  -2.2123176230E-03  -5.2371391202E-04   1.1510576388E-04   3.4794228572E-04
    6      2.3991581298E-02  -8.5265857168E-03   8.8210827952E-03  -7.9006937243E-03  -4.3448498744E-03
    7     -2.7320147329E-02   1.2312174541E-02   1.3456991063E-02  -1.3147862954E-02  -6.6609750235E-03
    8      2.4552135731E-02  -2.5486772731E-03   1.6385728101E-02  -1.3906760927E-02  -5.5965350555E-03
    9      9.9911182721E-04   6.7303470358E-04  -8.6461379633E-05   7.9183534835E-05   3.3889286294E-04
   10      5.9561468605E-05  -1.8068336640E-04  -5.1047465247E-05   5.0445146858E-04   5.6444531003E-05
   11     -2.9977516889E-04   1.0841612161E-03   2.6281071345E-05  -1.8659699014E-04   7.3112598855E-06
   12      1.6699389435E-03   2.2458573674E-03  -4.5391243047E-05   2.0494979913E-04   3.5193449613E-04
   13     -8.4687552208E-04   2.3327808515E-04  -6.8314777282E-05   7.5713294097E-05  -5.6381637761E-05
   14      1.9032250352E-03   1.1421051953E-03  -1.9790683038E-04  -3.1088258066E-05   1.2810436682E-04
   15      4.0055175979E-02  -2.7088968578E-02  -8.8106945115E-02  -5.2814883979E-02  -6.3560222193E-02
   16     -1.0806335820E-01   6.3733739806E-02  -5.4094076278E-02  -1.2241994594E-01  -1.0267781573E-01
   17      4.1615509641E-02  -1.3855426184E-01  -6.5933656555E-02  -1.0440772015E-01  -1.8168973403E-01
   18      3.8311772173E-03  -2.4107304828E-04   1.3361594750E-03  -3.2570392713E-04   2.6479214835E-04
   19     -3.9981849369E-03   2.3000640437E-03  -5.0919902689E-04   6.5568886324E-04   2.4729651193E-04
   20     -3.2335891226E-03   1.1696527397E-03  -3.9046241952E-04   2.9559717295E-04   9.9967131588E-04
   21     -1.2276955769E-03  -3.0817994399E-04  -2.0910727917E-03   3.6227826700E-03   1.5525322477E-03
   22      1.8674232758E-04   6.4138251973E-04   2.3947540852E-03  -1.5273258426E-03  -7.7406659125E-04
   23     -1.5924327087E-04   1.0504623021E-03   2.5147933000E-03  -2.4044426856E-03   1.6630477802E-04
   24     -1.0238275632E-01  -8.3876764813E-02   3.8022846593E-03   9.1527337083E-03  -9.2471659994E-03
   25      2.0464569532E-01  -1.0015810230E-01   5.1399411968E-03   1.0923943615E-02   5.3635392342E-03
   26     -1.0015810230E-01   3.7395842782E-01  -1.0293904683E-02   2.7219681590E-02  -3.1763041538E-02
   27      5.1399411968E-03  -1.0293904683E-02   8.6841511001E-02   5.0613017774E-02   7.6610048593E-02
   28      1.0923943615E-02   2.7219681590E-02   5.0613017774E-02   1.2995831336E-01   1.0272460852E-01
   29      5.3635392342E-03  -3.1763041538E-02   7.6610048593E-02   1.0272460852E-01   2.1060606272E-01
   30      5.0283837667E-03  -2.3704375607E-03  -8.9342750663E-03  -4.8938746118E-03   2.7858680624E-03
   31     -1.0737220505E-02   1.9644976075E-02  -1.6316312184E-02  -5.7553833563E-03   2.3693411053E-03
   32      1.6237839447E-02  -1.7056683592E-02  -1.9135165344E-02  -1.0539592140E-02   7.4902457416E-03
   33      1.0283894972E-02   2.8791247072E-02   4.1721265604E-04  -7.9748227947E-04   1.0577947642E-03
   34      6.5276028983E-03  -5.3784791512E-03  -4.1995425626E-04   1.9611325494E-04  -3.6232868655E-04
   35     -8.3936629081E-03  -3.1402673375E-02  -5.2821570336E-04   9.5923016178E-04  -1.7002762335E-03
   36     -1.6049356695E-02   1.9927382979E-02   1.0974666432E-04   8.9218587312E-05   2.5303941781E-04
   37      1.1331084416E-02   1.0314381150E-03   4.9295457679E-05  -1.1469150090E-04   1.1101270989E-04
   38      2.2802565425E-02  -1.7053999864E-02  -2.5670704948E-04  -3.4270866065E-05  -3.9026925342E-04
                   30                 31                 32                 33                 34        
    0      3.5799921392E-04   1.3220059794E-03  -6.3613307104E-06  -1.0055924242E-01  -5.6875713937E-02
    1      1.2510146358E-03  -4.3986343036E-03   4.5349146215E-03  -5.5659096585E-02  -1.1030268203E-01
    2     -1.5689032649E-03  -2.7629887974E-03   5.3868889469E-04  -8.9359486342E-02  -8.5076679569E-02
    3     -1.8193849295E-03   3.1889264660E-03   5.2271697037E-04  -1.3208716827E-02   9.1126443814E-03
    4      3.1011315453E-03  -2.7798183663E-03   3.5524666644E-04  -1.2227969331E-02   9.1239760238E-03
    5      1.1668008058E-03  -1.3623975755E-03  -9.2876738894E-04  -1.6604443774E-02   1.3449218023E-02
    6     -1.3166734490E-02   1.8181524482E-02   7.9991581964E-03   5.8734826976E-04   1.1589927120E-04
    7     -9.9361364796E-03   1.1814519726E-02   2.1447513957E-03  -6.3568360319E-04   7.8787505136E-04
    8      4.3478964996E-03  -8.0166446978E-03  -1.5407925092E-03   2.3260246567E-04  -5.0451932594E-04
    9      1.4420670383E-04   6.2065983487E-05   2.1758663449E-04  -2.6187253943E-03   2.2669664385E-03
   10      7.5922151661E-05   1.5078811793E-04   1.9792590673E-04   3.4889356410E-03  -9.4275721368E-04
   11     -2.6648534300E-04  -1.4560148858E-06  -5.2258680577E-05  -2.8740569986E-03   2.0449758851E-03
   12     -3.4191265016E-04   2.5495485736E-04   3.5306600302E-04   8.3127468225E-04  -6.0206908967E-04
   13     -7.5037350250E-04   8.0071090024E-04   5.4314613133E-05  -4.2098180395E-04   1.1570479077E-03
   14      8.2853298387E-04  -8.7871217721E-04  -7.6393284719E-05   3.7591445556E-04  -3.3691681508E-04
   15     -2.4170597584E-01  -9.9898441032E-02   5.2069622327E-02  -5.1409874633E-04   7.5902689637E-05
   16     -1.0093949514E-01  -9.8334784349E-02   2.5473845969E-02   4.0441606219E-03  -2.2800604581E-03
   17      5.9783456885E-02   2.7224908931E-02  -6.4044226870E-02  -1.6906914105E-04   1.7607178976E-03
   18     -5.4934135768E-04   1.1788527677E-04   7.8779189201E-04   4.7567632512E-05  -5.0774757389E-05
   19      5.1531433399E-04  -1.4328093377E-04  -2.8608784929E-04   2.1859485456E-04  -1.4161751581E-05
   20      2.3210027402E-04   4.0390415049E-04  -3.4854502514E-04   7.5396490980E-06  -2.0176014614E-04
   21      1.7212249652E-03  -4.7213439042E-04  -2.2627604603E-06   4.8337121677E-04   5.3314955812E-05
   22      1.0893042026E-04   1.3044515265E-03   8.1165042379E-04   1.9031103143E-04  -5.4639409744E-05
   23     -3.6097298028E-04   7.0762164283E-04   4.7846061397E-04  -1.9152525595E-04  -2.5455798437E-05
   24      1.3218904754E-02  -1.1919791821E-02   2.0491309228E-02   7.8249366312E-03   6.0488779993E-03
   25      5.0283837667E-03  -1.0737220505E-02   1.6237839447E-02   1.0283894972E-02   6.5276028983E-03
   26     -2.3704375607E-03   1.9644976075E-02  -1.7056683592E-02   2.8791247072E-02  -5.3784791512E-03
   27     -8.9342750663E-03  -1.6316312184E-02  -1.9135165344E-02   4.1721265604E-04  -4.1995425626E-04
   28     -4.8938746118E-03  -5.7553833563E-03  -1.0539592140E-02  -7.9748227947E-04   1.9611325494E-04
   29      2.7858680624E-03   2.3693411053E-03   7.4902457416E-03   1.0577947642E-03  -3.6232868655E-04
   30      2.5092648417E-01   1.0657928772E-01  -6.4486990152E-02  -1.3713443529E-04   6.6115553753E-06
   31      1.0657928772E-01   1.0789130054E-01  -3.8754799659E-02   4.2826609349E-05   1.3229407281E-04
   32     -6.4486990152E-02  -3.8754799659E-02   7.7451495585E-02   1.2964503664E-05  -2.6698389647E-04
   33     -1.3713443529E-04   4.2826609349E-05   1.2964503664E-05   1.0881368929E-01   5.5113538885E-02
   34      6.6115553753E-06   1.3229407281E-04  -2.6698389647E-04   5.5113538885E-02   1.0847354511E-01
   35      6.5470194528E-05   2.6746314053E-04  -3.8847847331E-04   8.5550377474E-02   9.5587862529E-02
   36      2.8593895569E-04  -1.1350976881E-03   1.1797211970E-03  -1.9674825561E-03  -1.4837995298E-02
   37     -1.5441666804E-04   5.5056931598E-05   4.3308135157E-05  -3.6482978514E-03  -1.2804153452E-02
   38     -1.5949376957E-04   1.1524502415E-03  -1.5227450107E-03  -6.8304168541E-03  -2.0683047327E-02
                   35                 36                 37                 38        
     0     -8.8077774496E-02  -6.6851880795E-02  -6.8197330017E-02   1.5871664447E-02
     1     -8.2447486377E-02  -6.7078454270E-02  -2.7252095864E-01   5.7236962295E-02
     2     -1.8139375035E-01   1.6169281757E-02   6.5185393074E-02  -6.4883460106E-02
     3     -5.8564261978E-03   9.5013218489E-03  -5.6830823342E-03   7.5069635308E-04
     4     -5.7397859026E-03   2.2320577933E-02  -1.0708743384E-02   8.4616653588E-03
     5     -5.7872865529E-03  -8.7947293360E-03   2.8307996286E-03  -1.7041218639E-03
     6      5.1049792811E-04  -3.8774214980E-03   2.7190211421E-03   2.1798524410E-04
     7     -4.8528902038E-04   2.7828687897E-03  -6.9119415048E-04   5.9635833884E-04
     8      3.8060465676E-04  -1.6078962631E-03   9.3251876329E-04  -9.4215461226E-04
     9     -1.0880777572E-03   1.3735386679E-03   4.4943968383E-05   8.0403323344E-04
    10      1.4101992517E-03  -5.3000013131E-04   1.6449004235E-03   1.3593168028E-04
    11      1.1126110894E-04   7.7279283731E-04  -2.3878437028E-04   4.9012644294E-04
    12      1.9850145189E-04  -2.6665416883E-04   5.5953859259E-04  -4.3035632883E-04
    13      3.0213509249E-04   1.6085884725E-04  -4.1025865764E-04   7.1761663124E-04
    14      9.9883789598E-04   3.5269460957E-04   3.0360016287E-04  -3.5328465071E-04
    15      2.3994963266E-04  -4.7210090275E-03   3.5313641046E-04   4.4228485953E-03
    16     -5.4991324170E-03   3.6603309458E-04   6.5831212240E-04   8.3391584488E-04
    17      1.4354578741E-03  -2.4539428807E-03  -2.0646881034E-03   5.4367706196E-04
    18     -1.1845461627E-04   8.5942121162E-04  -5.3055170487E-04  -1.5435505455E-06
    19      3.4169458253E-04   4.7511832875E-04  -3.8814918178E-04   3.6544932655E-04
    20      1.2964356799E-04  -1.0155004723E-03   6.5060942538E-04  -9.1297539126E-05
    21      1.0149000982E-06   1.2155999261E-04   7.7149449454E-05   1.5521936136E-04
    22      3.6324670424E-04   5.7666749054E-05   1.7293699165E-04   2.5488144669E-04
    23      3.2407864454E-06   5.0481907969E-05  -2.6598571866E-04  -5.3707314661E-05
    24      7.2219334029E-03  -8.8140131693E-03   1.0434202436E-03   1.2161114940E-02
    25     -8.3936629081E-03  -1.6049356695E-02   1.1331084416E-02   2.2802565425E-02
    26     -3.1402673375E-02   1.9927382979E-02   1.0314381150E-03  -1.7053999864E-02
    27     -5.2821570336E-04   1.0974666432E-04   4.9295457679E-05  -2.5670704948E-04
    28      9.5923016178E-04   8.9218587312E-05  -1.1469150090E-04  -3.4270866065E-05
    29     -1.7002762335E-03   2.5303941781E-04   1.1101270989E-04  -3.9026925342E-04
    30      6.5470194528E-05   2.8593895569E-04  -1.5441666804E-04  -1.5949376957E-04
    31      2.6746314053E-04  -1.1350976881E-03   5.5056931598E-05   1.1524502415E-03
    32     -3.8847847331E-04   1.1797211970E-03   4.3308135157E-05  -1.5227450107E-03
    33      8.5550377474E-02  -1.9674825561E-03  -3.6482978514E-03  -6.8304168541E-03
    34      9.5587862529E-02  -1.4837995298E-02  -1.2804153452E-02  -2.0683047327E-02
    35      2.1000460908E-01   1.8817617678E-03   3.3269215446E-03   7.6088100181E-03
    36      1.8817617678E-03   7.4246933873E-02   7.3372867532E-02  -2.6710066071E-02
    37      3.3269215446E-03   7.3372867532E-02   2.8377585808E-01  -7.1843310880E-02
    38      7.6088100181E-03  -2.6710066071E-02  -7.1843310880E-02   7.8352426691E-02

$vibrational_frequencies
39
    0        0.0000000000000000
    1        0.0000000000000000
    2        0.0000000000000000
    3        0.0000000000000000
    4        0.0000000000000000
    5        0.0000000000000000
    6       88.6270735247466064
    7      264.9987275715752162
    8      580.1827905216384806
    9      678.1583206901403855
   10      847.4445998178269974
   11      882.4104020974324385
   12      909.4913218971437345
   13      916.0512426686010485
   14      931.0976985288060632
   15      963.5027351718637192
   16     1027.6795857344006890
   17     1100.3709880448434433
   18     1162.4789949810033249
   19     1182.1220243030616075
   20     1186.4525556243766005
   21     1246.2012581105586833
   22     1251.1356631276908047
   23     1305.8459517305352620
   24     1332.4436640344665648
   25     1357.9826679456361944
   26     1392.7297121630394940
   27     1450.1167278999846530
   28     1461.8297623351661514
   29     1488.5497328802068751
   30     1501.5291110896600912
   31     2983.1935885473421877
   32     2991.4102843123073399
   33     3043.6387657617619880
   34     3045.9597787118450469
   35     3062.9789308153654019
   36     3065.3422674241069217
   37     3109.3615693542446934
   38     3115.0558288459747018

$normal_modes
39 39
                    0                  1                  2                  3                  4        
    0      0.0000000000E+00   0.0000000000E+00   0.0000000000E+00   0.0000000000E+00   0.0000000000E+00
    1      0.0000000000E+00   0.0000000000E+00   0.0000000000E+00   0.0000000000E+00   0.0000000000E+00
    2      0.0000000000E+00   0.0000000000E+00   0.0000000000E+00   0.0000000000E+00   0.0000000000E+00
    3      0.0000000000E+00   0.0000000000E+00   0.0000000000E+00   0.0000000000E+00   0.0000000000E+00
    4      0.0000000000E+00   0.0000000000E+00   0.0000000000E+00   0.0000000000E+00   0.0000000000E+00
    5      0.0000000000E+00   0.0000000000E+00   0.0000000000E+00   0.0000000000E+00   0.0000000000E+00
    6      0.0000000000E+00   0.0000000000E+00   0.0000000000E+00   0.0000000000E+00   0.0000000000E+00
    7      0.0000000000E+00   0.0000000000E+00   0.0000000000E+00   0.0000000000E+00   0.0000000000E+00
    8      0.0000000000E+00   0.0000000000E+00   0.0000000000E+00   0.0000000000E+00   0.0000000000E+00
    9      0.0000000000E+00   0.0000000000E+00   0.0000000000E+00   0.0000000000E+00   0.0000000000E+00
   10      0.0000000000E+00   0.0000000000E+00   0.0000000000E+00   0.0000000000E+00   0.0000000000E+00
   11      0.0000000000E+00   0.0000000000E+00   0.0000000000E+00   0.0000000000E+00   0.0000000000E+00
   12      0.0000000000E+00   0.0000000000E+00   0.0000000000E+00   0.0000000000E+00   0.0000000000E+00
   13      0.0000000000E+00   0.0000000000E+00   0.0000000000E+00   0.0000000000E+00   0.0000000000E+00
   14      0.0000000000E+00   0.0000000000E+00   0.0000000000E+00   0.0000000000E+00   0.0000000000E+00
   15      0.0000000000E+00   0.0000000000E+00   0.0000000000E+00   0.0000000000E+00   0.0000000000E+00
   16      0.0000000000E+00   0.0000000000E+00   0.0000000000E+00   0.0000000000E+00   0.0000000000E+00
   17      0.0000000000E+00   0.0000000000E+00   0.0000000000E+00   0.0000000000E+00   0.0000000000E+00
   18      0.0000000000E+00   0.0000000000E+00   0.0000000000E+00   0.0000000000E+00   0.0000000000E+00
   19      0.0000000000E+00   0.0000000000E+00   0.0000000000E+00   0.0000000000E+00   0.0000000000E+00
   20      0.0000000000E+00   0.0000000000E+00   0.0000000000E+00   0.0000000000E+00   0.0000000000E+00
   21      0.0000000000E+00   0.0000000000E+00   0.0000000000E+00   0.0000000000E+00   0.0000000000E+00
   22      0.0000000000E+00   0.0000000000E+00   0.0000000000E+00   0.0000000000E+00   0.0000000000E+00
   23      0.0000000000E+00   0.0000000000E+00   0.0000000000E+00   0.0000000000E+00   0.0000000000E+00
   24      0.0000000000E+00   0.0000000000E+00   0.0000000000E+00   0.0000000000E+00   0.0000000000E+00
   25      0.0000000000E+00   0.0000000000E+00   0.0000000000E+00   0.0000000000E+00   0.0000000000E+00
   26      0.0000000000E+00   0.0000000000E+00   0.0000000000E+00   0.0000000000E+00   0.0000000000E+00
   27      0.0000000000E+00   0.0000000000E+00   0.0000000000E+00   0.0000000000E+00   0.0000000000E+00
   28      0.0000000000E+00   0.0000000000E+00   0.0000000000E+00   0.0000000000E+00   0.0000000000E+00
   29      0.0000000000E+00   0.0000000000E+00   0.0000000000E+00   0.0000000000E+00   0.0000000000E+00
   30      0.0000000000E+00   0.0000000000E+00   0.0000000000E+00   0.0000000000E+00   0.0000000000E+00
   31      0.0000000000E+00   0.0000000000E+00   0.0000000000E+00   0.0000000000E+00   0.0000000000E+00
   32      0.0000000000E+00   0.0000000000E+00   0.0000000000E+00   0.0000000000E+00   0.0000000000E+00
   33      0.0000000000E+00   0.0000000000E+00   0.0000000000E+00   0.0000000000E+00   0.0000000000E+00
   34      0.0000000000E+00   0.0000000000E+00   0.0000000000E+00   0.0000000000E+00   0.0000000000E+00
   35      0.0000000000E+00   0.0000000000E+00   0.0000000000E+00   0.0000000000E+00   0.0000000000E+00
   36      0.0000000000E+00   0.0000000000E+00   0.0000000000E+00   0.0000000000E+00   0.0000000000E+00
   37      0.0000000000E+00   0.0000000000E+00   0.0000000000E+00   0.0000000000E+00   0.0000000000E+00
   38      0.0000000000E+00   0.0000000000E+00   0.0000000000E+00   0.0000000000E+00   0.0000000000E+00
                    5                  6                  7                  8                  9        
    0      0.0000000000E+00   7.2802374736E-02  -2.4908244925E-02  -3.5891114370E-02  -2.5877635054E-02
    1      0.0000000000E+00   1.1823536035E-01  -8.6734555978E-02   5.8266199502E-02  -3.1445056122E-02
    2      0.0000000000E+00   4.7513841563E-02  -2.5400742841E-02  -5.7752240833E-02   1.6817634578E-01
    3      0.0000000000E+00  -3.5958582694E-03   2.4268946939E-02  -1.3929156860E-01   1.1087259045E-01
    4      0.0000000000E+00  -4.3466353530E-02   8.5611225747E-02  -2.2068598689E-03  -6.4289221319E-02
    5      0.0000000000E+00  -5.1951725556E-04   9.9586198911E-02   4.6312655551E-02   5.4278811781E-02
    6      0.0000000000E+00  -4.3740654490E-02  -7.8148789583E-02   2.3198620204E-02   8.4471325795E-02
    7      0.0000000000E+00  -1.2689200781E-02  -4.0235577273E-02  -1.3668495758E-01  -9.8533473363E-02
    8      0.0000000000E+00  -3.1476100693E-03  -1.0000091900E-01   4.7586075604E-02  -5.2738730929E-02
    9      0.0000000000E+00   8.8524380829E-02  -1.9910110261E-01  -4.1478957549E-01   3.0008317127E-01
   10      0.0000000000E+00  -1.5504028317E-01   1.7757734975E-01   1.1768984479E-01  -2.4117764968E-01
   11      0.0000000000E+00   7.5257730007E-03   2.9836933170E-01   2.8182343778E-01   6.0332593451E-03
   12      0.0000000000E+00  -8.5327359209E-02   2.7148546481E-01   2.0841190302E-01  -1.4368058995E-01
   13      0.0000000000E+00  -6.0261155531E-02   2.2445525928E-01   2.1915036033E-01   2.5909000875E-02
   14      0.0000000000E+00  -4.5012539511E-02   1.7215450046E-01   1.3115926087E-01  -1.9227701565E-01
   15      0.0000000000E+00   1.0430240094E-01   7.8755095315E-02   6.4269523519E-02   2.7960037863E-02
