
$orca_hessian_file

$act_atom
  0

$act_coord
  0

$act_energy
        0.000000

$multiplicity
  1

$hessian
45
                    0                  1                  2                  3                  4        
    0      7.4616348267E-01   1.4580003955E-03   2.8321542511E-02  -1.9047923434E-01  -1.3265667368E-01
    1      1.4580003955E-03   6.7010230449E-01  -2.6159735634E-02  -6.7959851643E-02  -2.8543310030E-01
    2      2.8321542511E-02  -2.6159735634E-02   1.4225429531E-01  -2.3352576016E-03   4.5403957286E-03
    3     -1.9047923434E-01  -6.7959851643E-02  -2.3352576016E-03   6.8650956158E-01  -2.3954360100E-02
    4     -1.3265667368E-01  -2.8543310030E-01   4.5403957286E-03  -2.3954360100E-02   7.3021158542E-01
    5      8.6806287469E-04   7.5561756137E-03  -6.8554051103E-02   2.6462957254E-02  -3.0167695523E-02
    6     -3.1140621023E-02  -7.4897109866E-02   1.7855889847E-03  -3.4307626068E-01   3.9757623409E-02
    7     -2.6180700708E-02   3.6554390759E-02  -2.5384617006E-03  -2.5533811078E-02  -1.2759705556E-01
    8     -6.1848265787E-04  -4.8129900399E-03   1.0041789181E-02  -1.1525912113E-02   4.8477543107E-03
    9      2.2665545693E-03  -3.7714905476E-03   6.5172203323E-04  -2.1865550846E-02   3.1003140630E-02
   10     -2.7926205042E-03  -7.0981602745E-02   3.0063376060E-03   7.9659822018E-02   3.1308229239E-02
   11      5.9961985415E-04   2.9594215841E-03  -7.6742298967E-03  -5.3309520124E-03   2.8139138043E-04
   12     -2.4293732177E-02   7.8343060535E-02  -5.4675858672E-03  -5.3054913268E-02  -2.8470465978E-02
   13      3.0012599199E-02   3.0329152098E-02   3.7749856104E-04  -2.7201748674E-02  -1.6407480538E-02
   14     -3.0840363125E-03   2.6389462075E-03   9.5543638291E-03  -7.9193236079E-04  -8.6685053654E-04
   15     -1.7550215109E-01   5.7449668163E-02  -7.9665200861E-03   6.3504256644E-02   2.0425523851E-02
   16      1.2232147739E-01  -2.9292830609E-01   1.6839943431E-02  -2.8373234923E-02  -5.8304316893E-02
   17     -1.1173997139E-02   1.3817485446E-02  -6.9265741647E-02   3.8963831482E-03   4.3305577852E-03
   18      1.1193984139E-02  -1.6134406987E-02   1.1210533496E-03  -1.1798148885E-01   1.1433986198E-01
   19      1.4963947080E-02  -1.7153966556E-02   1.7532150777E-03   1.1436239261E-01  -2.7625692152E-01
   20     -4.1197138228E-04   2.9877590528E-04   4.1755821219E-03  -9.3536063568E-03   1.7097026717E-02
   21     -5.0904438709E-03   1.7422226766E-03  -6.5519155963E-04  -1.1000254463E-02  -2.7588852299E-02
   22      5.0398644045E-04   1.6895315698E-03   2.8929116997E-04   3.4932924243E-03   4.3483945952E-03
   23     -5.9420217959E-04   3.4893630547E-04   7.0548413394E-03  -8.5216981023E-04  -1.3217902557E-03
   24     -5.2264900654E-03  -1.3403216084E-03  -5.1878466601E-04  -6.0069671929E-04  -6.5440643022E-04
   25     -3.4992600394E-05   1.7592127314E-03   2.7565921248E-04  -8.3126307005E-04   3.2484372969E-04
   26     -5.8622419063E-04   2.1967372312E-04   7.3160653609E-03   4.9344738440E-05  -8.7525838943E-05
   27      1.1128372864E-02   1.4200337684E-02  -3.7389012775E-04  -5.9885824216E-04   2.7619943884E-03
   28     -1.6867899867E-02  -1.7080679391E-02   2.5953261749E-04   3.8899534743E-03  -3.1252346517E-03
   29      1.1613025071E-03   1.7039414678E-03   4.0753316604E-03  -5.4268192098E-04   6.2446325532E-04
   30     -3.3734125528E-01   8.6730005013E-03  -1.4420485629E-02  -1.1231251087E-02   4.0144428680E-03
   31      8.6810355375E-03  -5.8060670212E-02   1.4375923651E-03  -2.7174592717E-02   5.1697962645E-03
   32     -1.4424951439E-02   1.4372644287E-03  -3.7933246468E-02   6.5043073602E-04   1.0873800720E-04
   33     -1.0878724126E-03   1.6525401927E-03  -8.4217212552E-05   1.0794509966E-03   3.2899633603E-04
   34      1.2486497181E-03  -6.6690861818E-04   3.9435607526E-05   5.0912565426E-04  -3.6376640795E-03
   35     -5.8601536302E-05   5.8585029964E-05  -1.0609915262E-03  -3.5111009740E-04   5.8556168082E-04
   36     -3.2402790967E-04   1.5706258738E-04   1.5415216066E-04  -4.8257310417E-04   2.8983505770E-04
   37     -3.1998695868E-04   8.4475482057E-04  -1.9689532348E-05  -3.9248828522E-04  -3.9641780241E-04
   38     -4.4190090481E-05   2.5545642280E-04  -1.3631177716E-05  -1.9927491474E-04   5.3338650303E-06
   39      4.4336439899E-05   2.4929284313E-04  -1.1521938860E-05  -9.0731706909E-05  -1.9925116940E-05
   40     -1.1597989779E-05   2.1662950108E-04  -9.6374899000E-06  -1.7601438989E-04   2.3417250334E-04
   41      1.5424348849E-06   5.1825230684E-06   2.3293339310E-05   8.6749996408E-06  -1.9200234385E-05
   42     -3.1090250425E-04   1.6614182081E-04  -1.9949302726E-04  -6.3145590312E-04   4.3095551311E-04
   43     -3.1337020303E-04   8.0925794495E-04  -9.2406043900E-05  -3.2491173547E-04  -4.3883041720E-04
   44      4.3475422433E-05  -3.2608995976E-04   6.3296789101E-06   2.1229167337E-04   4.7736790645E-05
                    5                  6                  7                  8                  9        
    0      8.6806287469E-04  -3.1140621023E-02  -2.6180700708E-02  -6.1848265787E-04   2.2665545693E-03
    1      7.5561756137E-03  -7.4897109866E-02   3.6554390759E-02  -4.8129900399E-03  -3.7714905476E-03
    2     -6.8554051103E-02   1.7855889847E-03  -2.5384617006E-03   1.0041789181E-02   6.5172203323E-04
    3      2.6462957254E-02  -3.4307626068E-01  -2.5533811078E-02  -1.1525912113E-02  -2.1865550846E-02
    4     -3.0167695523E-02   3.9757623409E-02  -1.2759705556E-01   4.8477543107E-03   3.1003140630E-02
    5      1.4574655620E-01  -1.4766013399E-02   1.8126764851E-03  -6.8388650925E-02  -2.9268540050E-03
    6     -1.4766013399E-02   6.9988811460E-01   3.2715419102E-02   2.4509710224E-02  -1.7098085850E-01
    7      1.8126764851E-03   3.2715419102E-02   7.1038435495E-01  -2.6630345207E-02   1.1788451231E-01
    8     -6.8388650925E-02   2.4509710224E-02  -2.6630345207E-02   1.4312056186E-01  -1.0626799450E-02
    9     -2.9268540050E-03  -1.7098085850E-01   1.1788451231E-01  -1.0626799450E-02   6.5004824903E-01
   10      2.5548055430E-03   4.9477557250E-02  -2.8214361434E-01   1.2751267739E-02  -4.3412419489E-03
   11      7.7108244335E-03  -7.2421277254E-03   1.5947530522E-02  -7.1677394804E-02   2.2272040752E-02
   12     -7.2618443065E-04   6.1758567631E-02  -2.6145796617E-02   3.7140784620E-03  -1.7815478719E-01
   13     -8.0910889420E-04   1.9155183370E-02  -5.7207000853E-02   4.2241964653E-03  -1.1964346438E-01
   14     -7.1761355768E-03   1.4690831428E-03   2.0963705801E-03   9.9461973899E-03   1.0110199226E-03
   15      1.4821190792E-03  -4.9639617961E-02   2.8624627793E-02  -3.3776210985E-03  -3.1568789214E-02
   16      2.0504219699E-03   3.0755284758E-02  -1.9809693537E-02   2.0396612867E-03  -2.5903081102E-02
   17      9.9296270645E-03  -3.4768023084E-03   1.9387905848E-03  -7.8051168311E-03  -5.6902447579E-04
   18     -9.3438307805E-03  -8.8961533915E-03   2.8564259636E-02  -2.0193290054E-03  -5.1050694054E-03
   19      1.7085389839E-02  -2.5030388950E-03   2.6689107000E-03  -4.1753175108E-05  -3.6717702098E-04
   20     -3.9803332812E-02  -4.7712782099E-04   1.4027770770E-03   3.9860631993E-03  -5.5418908009E-04
   21      6.8152114743E-04  -1.3293918826E-01  -1.2415372707E-01   1.6971922900E-03   8.6190450574E-03
   22      1.2562561389E-04  -1.2355723003E-01  -2.5817008446E-01   5.1060808411E-03  -1.6248724517E-02
   23      3.6513182555E-03   1.6517765730E-03   5.0887468141E-03  -3.7859110809E-02   9.9877110326E-04
   24      4.4298545965E-05  -1.2837772791E-03  -3.0753375902E-03  -2.2012812630E-04   1.0173163213E-02
   25     -9.6998139537E-05  -4.0099775650E-03  -2.5940088231E-03   2.7210487619E-04   1.4658946744E-02
   26     -8.3549067073E-04  -1.7454321454E-04   3.1371507604E-04   6.6710302505E-03  -4.4278257018E-04
   27     -4.8639856922E-04  -5.6937573453E-04   8.8862716400E-04  -3.5713410946E-05  -4.9411260774E-03
   28      6.7849661642E-04   8.0250432997E-04   3.4343484660E-04  -1.9219728121E-05   8.0368081624E-04
   29      6.8511695317E-03  -3.0096222340E-05  -1.4653486201E-05  -7.7905058306E-04  -6.2059412522E-04
   30     -8.8834773440E-04   5.2591641386E-04  -3.1835859746E-03  -1.5681713344E-04   7.1481008237E-04
   31     -1.3459257461E-03  -1.9662898705E-03  -4.0392910227E-03   4.6301581592E-04  -1.0358542247E-04
   32      3.6364962927E-03  -2.1440701677E-04   4.0867343966E-04   7.1889046192E-03   7.9097477347E-05
   33     -3.3551611791E-04  -1.9978697354E-02   4.9140547489E-03  -1.4835944852E-03  -2.2176160511E-01
   34      5.8784708877E-04   2.9209458132E-02   9.0250214727E-04   1.6314633044E-03   4.1329436990E-04
   35      7.8480395403E-03  -2.6729996050E-03   5.0790927303E-04   6.4433695666E-03  -7.0310887459E-03
   36     -1.4235114444E-03  -2.6746667048E-03  -1.6964048656E-03   2.6832876259E-04  -1.3879806618E-02
   37      4.5754848411E-04   1.4372642775E-03   1.0236582559E-04  -2.6182981397E-05   1.7197478351E-03
   38     -3.2720606382E-04  -4.2136439479E-04   4.6418236320E-04  -4.6432403462E-04  -1.6590903013E-03
   39      4.5723780733E-06   1.6960208202E-03  -1.9208955313E-03   1.8224253458E-04  -1.1947985292E-02
   40     -2.5243959625E-05   2.1473583016E-03   5.4717237030E-04   7.7549800089E-05   2.0209015317E-03
   41     -1.5469410085E-04  -8.2518973119E-06  -1.2299695895E-04  -8.7308939365E-06  -5.6163851747E-04
   42      1.3559398397E-03  -2.6894025702E-03  -1.6721693415E-03  -3.0898965389E-04  -1.1616243706E-02
   43     -4.6991212434E-04   1.4469213235E-03   5.7616989549E-05   1.1196496749E-04   1.8814898045E-03
   44     -1.3447006833E-04   6.9409541012E-05  -6.6948313768E-04  -4.1553718850E-04  -1.6477835060E-05
                   10                 11                 12                 13                 14        
    0     -2.7926205042E-03   5.9961985415E-04  -2.4293732177E-02   3.0012599199E-02  -3.0840363125E-03
    1     -7.0981602745E-02   2.9594215841E-03   7.8343060535E-02   3.0329152098E-02   2.6389462075E-03
    2      3.0063376060E-03  -7.6742298967E-03  -5.4675858672E-03   3.7749856104E-04   9.5543638291E-03
    3      7.9659822018E-02  -5.3309520124E-03  -5.3054913268E-02  -2.7201748674E-02  -7.9193236079E-04
    4      3.1308229239E-02   2.8139138043E-04  -2.8470465978E-02  -1.6407480538E-02  -8.6685053654E-04
    5      2.5548055430E-03   7.7108244335E-03  -7.2618443065E-04  -8.0910889420E-04  -7.1761355768E-03
    6      4.9477557250E-02  -7.2421277254E-03   6.1758567631E-02   1.9155183370E-02   1.4690831428E-03
    7     -2.8214361434E-01   1.5947530522E-02  -2.6145796617E-02  -5.7207000853E-02   2.0963705801E-03
    8      1.2751267739E-02  -7.1677394804E-02   3.7140784620E-03   4.2241964653E-03   9.9461973899E-03
    9     -4.3412419489E-03   2.2272040752E-02  -1.7815478719E-01  -1.1964346438E-01   1.0110199226E-03
   10      6.7119367608E-01  -2.4512234070E-02  -5.4387814536E-02  -2.6693808351E-01   7.0684263634E-03
   11     -2.4512234070E-02   1.8117400593E-01  -2.2239226266E-03   4.0115932620E-03  -7.3094791521E-02
   12     -5.4387814536E-02  -2.2239226266E-03   7.0245440352E-01  -3.1651028925E-02   2.7689781454E-02
   13     -2.6693808351E-01   4.0115932620E-03  -3.1651028925E-02   7.0799601748E-01  -2.9565671145E-02
   14      7.0684263634E-03  -7.3094791521E-02   2.7689781454E-02  -2.9565671145E-02   1.4371849713E-01
   15     -7.5442474937E-02   1.8700736652E-03  -3.5080792942E-01   3.9637240751E-02  -1.5166427534E-02
   16      3.9268575995E-02  -2.7307387825E-03  -2.5857589747E-02  -1.2765212230E-01   1.8566975861E-03
   17     -5.0448532537E-03   8.4882170705E-03  -1.1923133754E-02   4.9041987151E-03  -6.7157440753E-02
   18     -1.2220759160E-03  -5.0796029404E-04  -6.5609376606E-04  -8.2094970664E-04   5.0731566066E-05
   19      1.7934493116E-03   2.4628341592E-04  -7.1701973158E-04   4.2899888689E-04  -9.8006731553E-05
   20      2.1313723114E-04   7.0823065221E-03   4.2461714927E-05  -1.0264940340E-04  -8.6257430274E-04
   21      1.2700473575E-02  -4.1908975407E-04  -6.6242288728E-04   2.9408723681E-03  -4.8241250787E-04
   22     -1.8108113011E-02   3.4072030980E-04   3.8020842623E-03  -3.1452926413E-03   6.5600494667E-04
   23      1.6945261822E-03   4.1490048962E-03  -5.2488581068E-04   6.1733941045E-04   6.5120158692E-03
   24     -1.5016091504E-02   1.0274564049E-03  -1.1712421889E-01   1.1296612189E-01  -9.2661050145E-03
   25     -1.8003968605E-02   1.7729159675E-03   1.1326886843E-01  -2.7281544198E-01   1.6901577764E-02
   26      3.8171925317E-04   3.9974581630E-03  -9.2857039765E-03   1.6903977982E-02  -3.9502688611E-02
   27      1.7093223622E-03  -6.6397277364E-04  -1.0755946281E-02  -2.7722613383E-02   6.7897928585E-04
   28      1.5942595398E-03   3.2916024105E-04   3.3607034301E-03   4.3253088649E-03   1.4540233107E-04
   29      3.7102490675E-04   7.4656344364E-03  -8.5534269640E-04  -1.2995687650E-03   4.1364466500E-03
   30     -7.3699948701E-05   7.8445349670E-05   8.1440755647E-04   2.8299608371E-03  -4.2108053814E-04
   31     -1.1303910534E-03   7.3530959887E-06   1.6466185636E-03  -4.3343425155E-03   6.3004793088E-04
   32      1.0031865892E-05  -8.8361159896E-04  -3.6541469982E-04   6.8494849485E-04   6.8355977295E-03
   33      7.0445070153E-03  -7.3386620003E-03  -2.5570168865E-02  -4.6894767778E-03  -1.1250142811E-03
   34     -8.9037742965E-02   8.7814192096E-04  -2.9102210696E-02   5.3165746606E-03  -1.4378340020E-03
   35      1.1847363337E-03  -7.1901146594E-02   7.1501300210E-05  -3.0816614010E-04   3.5253943707E-03
   36      1.7683687581E-02   2.3496452522E-02   1.1875282379E-03   1.0992785612E-03  -7.9869973054E-04
   37     -5.3821435616E-04   1.1587500402E-03  -2.1216539352E-03  -3.0786327793E-04   1.2674255514E-04
   38      2.9708377595E-03   4.4245215371E-03  -3.4887772810E-04  -3.1744014408E-04   1.0464633879E-03
   39     -3.0504008139E-02   9.7816960217E-04  -6.2133586764E-03   1.9372124852E-03  -4.5281771373E-04
   40      2.5397429645E-03  -1.0250085033E-04   1.1670965193E-04   6.9002979979E-04   3.7073874754E-05
   41     -1.6232982437E-03  -1.6842257476E-03  -3.5958347590E-04   1.2540395880E-04   1.3832410245E-03
   42      1.5497708534E-02  -2.6599683146E-02   1.0786644789E-03   1.1323234305E-03   6.9019372736E-04
   43     -8.1620255337E-04  -5.8858581875E-04  -2.0659757638E-03  -2.7845418336E-04  -1.9182022989E-04
   44     -1.0256674346E-03   2.4234271719E-03   5.6154902910E-04   5.5634014742E-04   1.1354133811E-03
                   15                 16                 17                 18                 19        
    0     -1.7550215109E-01   1.2232147739E-01  -1.1173997139E-02   1.1193984139E-02   1.4963947080E-02
    1      5.7449668163E-02  -2.9292830609E-01   1.3817485446E-02  -1.6134406987E-02  -1.7153966556E-02
    2     -7.9665200861E-03   1.6839943431E-02  -6.9265741647E-02   1.1210533496E-03   1.7532150777E-03
    3      6.3504256644E-02  -2.8373234923E-02   3.8963831482E-03  -1.1798148885E-01   1.1436239261E-01
    4      2.0425523851E-02  -5.8304316893E-02   4.3305577852E-03   1.1433986198E-01  -2.7625692152E-01
    5      1.4821190792E-03   2.0504219699E-03   9.9296270645E-03  -9.3438307805E-03   1.7085389839E-02
    6     -4.9639617961E-02   3.0755284758E-02  -3.4768023084E-03  -8.8961533915E-03  -2.5030388950E-03
    7      2.8624627793E-02  -1.9809693537E-02   1.9387905848E-03   2.8564259636E-02   2.6689107000E-03
    8     -3.3776210985E-03   2.0396612867E-03  -7.8051168311E-03  -2.0193290054E-03  -4.1753175108E-05
    9     -3.1568789214E-02  -2.5903081102E-02  -5.6902447579E-04  -5.1050694054E-03  -3.6717702098E-04
   10     -7.5442474937E-02   3.9268575995E-02  -5.0448532537E-03  -1.2220759160E-03   1.7934493116E-03
   11      1.8700736652E-03  -2.7307387825E-03   8.4882170705E-03  -5.0796029404E-04   2.4628341592E-04
   12     -3.5080792942E-01  -2.5857589747E-02  -1.1923133754E-02  -6.5609376606E-04  -7.1701973158E-04
   13      3.9637240751E-02  -1.2765212230E-01   4.9041987151E-03  -8.2094970664E-04   4.2899888689E-04
   14     -1.5166427534E-02   1.8566975861E-03  -6.7157440753E-02   5.0731566066E-05  -9.8006731553E-05
   15      6.9492265854E-01   3.1607545677E-02   2.4244538621E-02  -1.0462784378E-03  -4.0708689957E-03
   16      3.1607545677E-02   7.2180557930E-01  -2.7229303274E-02  -2.9415153652E-03  -2.6634873624E-03
   17      2.4244538621E-02  -2.7229303274E-02   1.4503276939E-01  -2.3712613402E-04   2.9372374316E-04
   18     -1.0462784378E-03  -2.9415153652E-03  -2.3712613402E-04   1.2049519975E-01  -1.2269686572E-01
   19     -4.0708689957E-03  -2.6634873624E-03   2.9372374316E-04  -1.2269686572E-01   2.9032869921E-01
   20     -1.8229093721E-04   3.4630066136E-04   7.1236187865E-03   1.0453885469E-02  -1.8786150134E-02
   21     -5.1199293191E-04   7.0851994796E-04  -2.1316366655E-05   1.2840295848E-03   2.3795037582E-04
   22      9.5186319392E-04   1.9358198290E-04  -7.4898129835E-06  -2.8618109417E-04   7.2481883762E-04
   23     -3.0523840554E-05  -1.9033843513E-05  -8.3657481348E-04   2.7207834288E-04  -2.3496886238E-04
   24     -9.3604025496E-03   2.8714963436E-02  -2.0420596317E-03   6.1791039046E-05   1.0553822387E-04
   25     -2.6587134655E-03   2.6347296410E-03  -5.6297692926E-05   1.0758470946E-04  -4.1928309878E-05
   26     -4.8233008347E-04   1.4036389818E-03   3.8012910826E-03   4.7645324586E-05  -4.6384922122E-05
   27     -1.3458415799E-01  -1.2449574643E-01   1.6902391400E-03   3.7147036337E-04   6.9068338863E-04
   28     -1.2464731919E-01  -2.6060059818E-01   5.1685028925E-03  -7.7685910450E-04  -9.3202458422E-04
   29      1.6944543126E-03   5.1758919754E-03  -3.8802790138E-02   4.7407131515E-05   8.7407540589E-05
   30     -9.5744309593E-03  -3.1245018854E-03  -4.5310038446E-04   8.5603183103E-04   3.1527824002E-05
   31      2.8059607394E-02   3.6378004097E-03   1.3037938551E-03   6.4939467412E-04   1.1759825963E-03
   32     -1.9950957700E-03  -1.4947175705E-04   3.4194483201E-03   2.0929912872E-04  -2.7061532733E-04
   33      4.0602884211E-03  -2.4026833608E-03   5.4923103482E-05  -6.7602111581E-05  -1.7617792183E-04
   34     -2.8390986026E-03  -4.8643245789E-03   3.8009086226E-04   1.1848584588E-03  -4.7422584948E-05
   35      7.2738189287E-05   3.9337093226E-04   5.3619328124E-03  -6.5931275432E-05  -1.8303128643E-06
   36      9.3070039206E-05   2.6875177274E-04  -8.9337279034E-04  -2.7205950497E-04   5.6030364429E-05
   37      1.2713907907E-03  -3.1779387009E-04   4.2100858008E-04   6.0188517315E-05  -1.8214896814E-05
   38      3.5245498221E-04   3.2258535872E-06   9.9970341739E-05  -1.0996004234E-05   8.6739368001E-06
   39     -3.6912195599E-05  -1.6259924349E-03   5.9802601224E-05   3.9034312653E-05   1.7276350049E-05
   40      3.6783281500E-04  -5.4829729825E-05   3.9620119998E-05  -7.7153954922E-05   6.3048701109E-06
   41     -3.6409461193E-05  -5.2475189079E-05   4.3935002028E-04   8.2698581441E-06  -2.1320592133E-06
   42      5.2389097966E-05   3.5163315647E-04   8.4828357299E-04  -2.7679554501E-04   6.0864958328E-05
   43      1.2593438736E-03  -3.4479479265E-04  -2.6082178048E-04   5.4796966635E-05  -1.3198600352E-05
   44     -4.8339724109E-04   7.2863397899E-05   1.7143928941E-04  -2.2022852340E-05   3.5338035919E-07
                   20                 21                 22                 23                 24        
    0     -4.1197138228E-04  -5.0904438709E-03   5.0398644045E-04  -5.9420217959E-04  -5.2264900654E-03
    1      2.9877590528E-04   1.7422226766E-03   1.6895315698E-03   3.4893630547E-04  -1.3403216084E-03
    2      4.1755821219E-03  -6.5519155963E-04   2.8929116997E-04   7.0548413394E-03  -5.1878466601E-04
    3     -9.3536063568E-03  -1.1000254463E-02   3.4932924243E-03  -8.5216981023E-04  -6.0069671929E-04
    4      1.7097026717E-02  -2.7588852299E-02   4.3483945952E-03  -1.3217902557E-03  -6.5440643022E-04
    5     -3.9803332812E-02   6.8152114743E-04   1.2562561389E-04   3.6513182555E-03   4.4298545965E-05
    6     -4.7712782099E-04  -1.3293918826E-01  -1.2355723003E-01   1.6517765730E-03  -1.2837772791E-03
    7      1.4027770770E-03  -1.2415372707E-01  -2.5817008446E-01   5.0887468141E-03  -3.0753375902E-03
    8      3.9860631993E-03   1.6971922900E-03   5.1060808411E-03  -3.7859110809E-02  -2.2012812630E-04
    9     -5.5418908009E-04   8.6190450574E-03  -1.6248724517E-02   9.9877110326E-04   1.0173163213E-02
   10      2.1313723114E-04   1.2700473575E-02  -1.8108113011E-02   1.6945261822E-03  -1.5016091504E-02
   11      7.0823065221E-03  -4.1908975407E-04   3.4072030980E-04   4.1490048962E-03   1.0274564049E-03
   12      4.2461714927E-05  -6.6242288728E-04   3.8020842623E-03  -5.2488581068E-04  -1.1712421889E-01
   13     -1.0264940340E-04   2.9408723681E-03  -3.1452926413E-03   6.1733941045E-04   1.1296612189E-01
   14     -8.6257430274E-04  -4.8241250787E-04   6.5600494667E-04   6.5120158692E-03  -9.2661050145E-03
   15     -1.8229093721E-04  -5.1199293191E-04   9.5186319392E-04  -3.0523840554E-05  -9.3604025496E-03
   16      3.4630066136E-04   7.0851994796E-04   1.9358198290E-04  -1.9033843513E-05   2.8714963436E-02
   17      7.1236187865E-03  -2.1316366655E-05  -7.4898129835E-06  -8.3657481348E-04  -2.0420596317E-03
   18      1.0453885469E-02   1.2840295848E-03  -2.8618109417E-04   2.7207834288E-04   6.1791039046E-05
   19     -1.8786150134E-02   2.3795037582E-04   7.2481883762E-04  -2.3496886238E-04   1.0553822387E-04
   20      2.7624126121E-02   2.4549438689E-04  -2.5759093753E-04  -4.2159359942E-03   4.7644232722E-05
   21      2.4549438689E-04   1.3912173510E-01   1.3277639441E-01  -1.2526766272E-03   5.1054131493E-04
   22     -2.5759093753E-04   1.3277639441E-01   2.7184336988E-01  -5.9450638413E-03  -7.9859927189E-04
   23     -4.2159359942E-03  -1.2526766272E-03  -5.9450638413E-03   2.6080466841E-02   5.6288753851E-05
   24      4.7644232722E-05   5.1054131493E-04  -7.9859927189E-04   5.6288753851E-05   1.2103053503E-01
   25     -4.6467728598E-05   6.4726031731E-04  -1.0095842650E-03   8.7383762791E-05  -1.2161029521E-01
   26     -1.0710053313E-03  -1.4905207054E-05   2.0027705503E-05   1.4404842329E-04   1.0465144260E-02
   27     -2.4956702349E-05   3.5071857468E-05  -1.0748434540E-04   5.4367339476E-05   1.3210592580E-03
   28      1.8115655000E-05  -1.0691163195E-04  -2.8498935783E-05  -5.4220244317E-05  -2.5615715847E-04
   29      1.7350475308E-04   5.4512513933E-05  -5.3905311007E-05  -1.0168987948E-03   2.8118146262E-04
   30      2.3884024490E-04  -6.5695162060E-04   1.8465297824E-04  -5.2477422583E-05  -5.8074790981E-04
   31     -2.4045495043E-04  -1.2649583765E-03   6.8300431579E-05  -4.9547473385E-05   1.3132092376E-03
   32     -4.2876917333E-03   1.9830585657E-05   1.8412438592E-05   2.6192902515E-04  -1.0164755456E-04
   33      2.5957475910E-06   1.1895037051E-03  -1.9799938082E-03   3.6224353958E-04   7.4570037038E-04
   34      6.1806698526E-05   1.5102774731E-03   6.8349020575E-04  -1.7733780339E-04  -5.0041300624E-04
   35      8.7436936732E-05   1.7643568433E-04  -3.3886829000E-04  -4.3367606884E-03   1.8626468633E-04
   36     -6.4560794585E-05  -2.3085612494E-06   1.3091463399E-04   5.2216505649E-04   1.0160974212E-04
   37     -4.8722460730E-05   2.4333978030E-05   1.9853458792E-04  -3.6376515270E-04   9.5189994006E-06
   38      2.0209702115E-05  -4.1883631694E-05   3.1429619342E-05   1.6279027903E-04   1.7008838058E-04
   39      3.2858526551E-06   5.9436796970E-05   1.0527428605E-03  -6.6852878379E-05   7.3044777063E-05
   40     -6.8390391549E-06  -1.6668019600E-04   4.7911248863E-04  -2.1949684354E-05   1.7971616958E-04
   41     -5.0772556963E-05  -2.2713085621E-05   4.5349799268E-05   1.6322945483E-04   4.4550942516E-06
   42      3.1321600384E-05   4.4199176009E-05   8.0289048912E-05  -5.4100523329E-04   1.5888867131E-04
   43      5.7729300149E-05  -5.1827376920E-06   2.3243873213E-04   3.5096630619E-04  -4.2239276174E-05
   44      1.8464588048E-05   3.2305225549E-05  -3.0245871450E-05   8.5636716167E-05  -1.3136856001E-04
                   25                 26                 27                 28                 29        
    0     -3.4992600394E-05  -5.8622419063E-04   1.1128372864E-02  -1.6867899867E-02   1.1613025071E-03
    1      1.7592127314E-03   2.1967372312E-04   1.4200337684E-02  -1.7080679391E-02   1.7039414678E-03
    2      2.7565921248E-04   7.3160653609E-03  -3.7389012775E-04   2.5953261749E-04   4.0753316604E-03
    3     -8.3126307005E-04   4.9344738440E-05  -5.9885824216E-04   3.8899534743E-03  -5.4268192098E-04
    4      3.2484372969E-04  -8.7525838943E-05   2.7619943884E-03  -3.1252346517E-03   6.2446325532E-04
    5     -9.6998139537E-05  -8.3549067073E-04  -4.8639856922E-04   6.7849661642E-04   6.8511695317E-03
    6     -4.0099775650E-03  -1.7454321454E-04  -5.6937573453E-04   8.0250432997E-04  -3.0096222340E-05
    7     -2.5940088231E-03   3.1371507604E-04   8.8862716400E-04   3.4343484660E-04  -1.4653486201E-05
    8      2.7210487619E-04   6.6710302505E-03  -3.5713410946E-05  -1.9219728121E-05  -7.7905058306E-04
    9      1.4658946744E-02  -4.4278257018E-04  -4.9411260774E-03   8.0368081624E-04  -6.2059412522E-04
   10     -1.8003968605E-02   3.8171925317E-04   1.7093223622E-03   1.5942595398E-03   3.7102490675E-04
   11      1.7729159675E-03   3.9974581630E-03  -6.6397277364E-04   3.2916024105E-04   7.4656344364E-03
   12      1.1326886843E-01  -9.2857039765E-03  -1.0755946281E-02   3.3607034301E-03  -8.5534269640E-04
   13     -2.7281544198E-01   1.6903977982E-02  -2.7722613383E-02   4.3253088649E-03  -1.2995687650E-03
   14      1.6901577764E-02  -3.9502688611E-02   6.7897928585E-04   1.4540233107E-04   4.1364466500E-03
   15     -2.6587134655E-03  -4.8233008347E-04  -1.3458415799E-01  -1.2464731919E-01   1.6944543126E-03
   16      2.6347296410E-03   1.4036389818E-03  -1.2449574643E-01  -2.6060059818E-01   5.1758919754E-03
   17     -5.6297692926E-05   3.8012910826E-03   1.6902391400E-03   5.1685028925E-03  -3.8802790138E-02
   18      1.0758470946E-04   4.7645324586E-05   3.7147036337E-04  -7.7685910450E-04   4.7407131515E-05
   19     -4.1928309878E-05  -4.6384922122E-05   6.9068338863E-04  -9.3202458422E-04   8.7407540589E-05
   20     -4.6467728598E-05  -1.0710053313E-03  -2.4956702349E-05   1.8115655000E-05   1.7350475308E-04
   21      6.4726031731E-04  -1.4905207054E-05   3.5071857468E-05  -1.0691163195E-04   5.4512513933E-05
   22     -1.0095842650E-03   2.0027705503E-05  -1.0748434540E-04  -2.8498935783E-05  -5.3905311007E-05
   23      8.7383762791E-05   1.4404842329E-04   5.4367339476E-05  -5.4220244317E-05  -1.0168987948E-03
   24     -1.2161029521E-01   1.0465144260E-02   1.3210592580E-03  -2.5615715847E-04   2.8118146262E-04
   25      2.8777458630E-01  -1.8657099595E-02   2.6259506260E-04   7.4733143166E-04  -2.4509853555E-04
   26     -1.8657099595E-02   2.7149067825E-02   2.5476241239E-04  -2.6762852952E-04  -4.4082725955E-03
   27      2.6259506260E-04   2.5476241239E-04   1.3843117043E-01   1.3372965737E-01  -1.3904284434E-03
   28      7.4733143166E-04  -2.6762852952E-04   1.3372965737E-01   2.7347737980E-01  -5.9903893570E-03
   29     -2.4509853555E-04  -4.4082725955E-03  -1.3904284434E-03  -5.9903893570E-03   2.6474962548E-02
   30     -1.3809236449E-04  -3.0685940896E-05   8.0012717344E-04   1.8861461942E-05   2.2851507667E-04
   31     -1.2677239397E-05   7.2580205578E-05  -5.9682692312E-04   1.2133263464E-03  -2.9118481853E-04
   32      4.7685187173E-06   2.1235805827E-04   2.6039269925E-04  -2.6508081406E-04  -4.1181160455E-03
   33      1.4191313972E-03   8.9696425743E-05  -1.3015999534E-04   1.5577376900E-04  -1.9205163467E-05
   34      1.1265269516E-03  -2.1534118311E-04  -1.3688367928E-03   6.8070839740E-05  -6.1918137726E-05
   35     -1.1738831174E-04  -2.6534607199E-03   5.5664637787E-05   9.6846719341E-06   1.1573915201E-04
   36     -5.3204794962E-04   5.2553456547E-04  -2.1641275811E-05  -5.1389429484E-05   2.9443084334E-05
   37     -6.0119319578E-05  -3.9891422954E-04   4.1653688442E-05  -3.9858294398E-06  -1.5340403754E-05
   38      1.8557713983E-04  -2.5992594855E-04   4.0011911556E-05  -3.7304337665E-06  -2.5873313222E-06
   39      1.7232453075E-05   1.1989259791E-05  -4.7141395490E-04   1.1436939541E-06  -1.4712602005E-05
   40      2.1061355459E-04  -1.2819935502E-05  -3.1099007474E-05   4.0827993079E-06  -9.2760074817E-06
   41     -2.2448640514E-05  -2.2463732867E-04  -1.2862484578E-05  -7.5375531618E-06  -1.5399410807E-04
   42     -5.6144379630E-04  -4.2967007054E-04  -1.4592396044E-05  -5.3996122250E-05  -2.5105844997E-05
   43     -4.0115795793E-05   3.7675855006E-04   3.5989943487E-05  -2.1729004814E-06   1.8969751912E-05
   44     -2.6456584031E-04  -3.3583795789E-04  -4.4843984336E-05  -1.4524410829E-06  -1.1079135415E-05
                   30                 31                 32                 33                 34        
    0     -3.3734125528E-01   8.6810355375E-03  -1.4424951439E-02  -1.0878724126E-03   1.2486497181E-03
    1      8.6730005013E-03  -5.8060670212E-02   1.4372644287E-03   1.6525401927E-03  -6.6690861818E-04
    2     -1.4420485629E-02   1.4375923651E-03  -3.7933246468E-02  -8.4217212552E-05   3.9435607526E-05
    3     -1.1231251087E-02  -2.7174592717E-02   6.5043073602E-04   1.0794509966E-03   5.0912565426E-04
    4      4.0144428680E-03   5.1697962645E-03   1.0873800720E-04   3.2899633603E-04  -3.6376640795E-03
    5     -8.8834773440E-04  -1.3459257461E-03   3.6364962927E-03  -3.3551611791E-04   5.8784708877E-04
    6      5.2591641386E-04  -1.9662898705E-03  -2.1440701677E-04  -1.9978697354E-02   2.9209458132E-02
    7     -3.1835859746E-03  -4.0392910227E-03   4.0867343966E-04   4.9140547489E-03   9.0250214727E-04
    8     -1.5681713344E-04   4.6301581592E-04   7.1889046192E-03  -1.4835944852E-03   1.6314633044E-03
    9      7.1481008237E-04  -1.0358542247E-04   7.9097477347E-05  -2.2176160511E-01   4.1329436990E-04
   10     -7.3699948701E-05  -1.1303910534E-03   1.0031865892E-05   7.0445070153E-03  -8.9037742965E-02
   11      7.8445349670E-05   7.3530959887E-06  -8.8361159896E-04  -7.3386620003E-03   8.7814192096E-04
   12      8.1440755647E-04   1.6466185636E-03  -3.6541469982E-04  -2.5570168865E-02  -2.9102210696E-02
   13      2.8299608371E-03  -4.3343425155E-03   6.8494849485E-04  -4.6894767778E-03   5.3165746606E-03
   14     -4.2108053814E-04   6.3004793088E-04   6.8355977295E-03  -1.1250142811E-03  -1.4378340020E-03
   15     -9.5744309593E-03   2.8059607394E-02  -1.9950957700E-03   4.0602884211E-03  -2.8390986026E-03
   16     -3.1245018854E-03   3.6378004097E-03  -1.4947175705E-04  -2.4026833608E-03  -4.8643245789E-03
   17     -4.5310038446E-04   1.3037938551E-03   3.4194483201E-03   5.4923103482E-05   3.8009086226E-04
   18      8.5603183103E-04   6.4939467412E-04   2.0929912872E-04  -6.7602111581E-05   1.1848584588E-03
   19      3.1527824002E-05   1.1759825963E-03  -2.7061532733E-04  -1.7617792183E-04  -4.7422584948E-05
   20      2.3884024490E-04  -2.4045495043E-04  -4.2876917333E-03   2.5957475910E-06   6.1806698526E-05
   21     -6.5695162060E-04  -1.2649583765E-03   1.9830585657E-05   1.1895037051E-03   1.5102774731E-03
   22      1.8465297824E-04   6.8300431579E-05   1.8412438592E-05  -1.9799938082E-03   6.8349020575E-04
   23     -5.2477422583E-05  -4.9547473385E-05   2.6192902515E-04   3.6224353958E-04  -1.7733780339E-04
   24     -5.8074790981E-04   1.3132092376E-03  -1.0164755456E-04   7.4570037038E-04  -5.0041300624E-04
   25     -1.3809236449E-04  -1.2677239397E-05   4.7685187173E-06   1.4191313972E-03   1.1265269516E-03
   26     -3.0685940896E-05   7.2580205578E-05   2.1235805827E-04   8.9696425743E-05  -2.1534118311E-04
   27      8.0012717344E-04  -5.9682692312E-04   2.6039269925E-04  -1.3015999534E-04  -1.3688367928E-03
   28      1.8861461942E-05   1.2133263464E-03  -2.6508081406E-04   1.5577376900E-04   6.8070839740E-05
   29      2.2851507667E-04  -2.9118481853E-04  -4.1181160455E-03  -1.9205163467E-05  -6.1918137726E-05
   30      3.5569916152E-01  -9.2634735960E-03   1.5837667592E-02   3.2339654064E-05  -7.8807581808E-06
   31     -9.2634735960E-03   5.6046551377E-02  -1.9293797082E-03   5.8074144090E-06   1.9541190708E-04
   32      1.5837667592E-02  -1.9293797082E-03   2.6599006547E-02   4.2799821625E-05  -5.3228651601E-05
   33      3.2339654064E-05   5.8074144090E-06   4.2799821625E-05   4.9261291493E-01   1.2607230356E-02
   34     -7.8807581808E-06   1.9541190708E-04  -5.3228651601E-05   1.2607230356E-02   5.8335937385E-01
   35      4.2339661256E-05  -5.2144463720E-05  -8.6475302627E-04  -2.5791447521E-03  -1.7052608006E-03
   36     -3.0199077653E-05  -3.0792855027E-05   1.1926297316E-04  -7.8197129689E-02   4.9291567244E-02
   37      3.9177762621E-05   1.3619617952E-05  -1.5851578355E-04   4.8660582878E-02  -1.1839796912E-01
   38      5.0117281634E-06   1.1229534065E-05  -2.0394344970E-05   7.4727185476E-02  -1.0895084718E-01
   39     -9.3542247221E-06   8.7642143651E-05  -4.9283303322E-06  -8.7860449094E-02  -9.4827967464E-02
   40     -2.5981882516E-05   2.8671673104E-05  -3.3751891454E-06  -9.9627476452E-02  -2.7672064711E-01
   41      1.3039462715E-06   2.9216573596E-06   5.7729900817E-09   2.7253197145E-03   6.5834237149E-03
   42     -1.8604072066E-05  -4.1091392035E-05  -1.1428484886E-04  -6.5066513455E-02   3.2647023295E-02
   43      2.3888364769E-05   2.7911419110E-05   1.5690676907E-04   3.2112106832E-02  -9.8279271511E-02
   44     -7.1801719999E-06  -1.9974031296E-05  -4.5933147761E-05  -6.5045432452E-02   1.0243026816E-01
                   35                 36                 37                 38                 39        
    0     -5.8601536302E-05  -3.2402790967E-04  -3.1998695868E-04  -4.4190090481E-05   4.4336439899E-05
    1      5.8585029964E-05   1.5706258738E-04   8.4475482057E-04   2.5545642280E-04   2.4929284313E-04
    2     -1.0609915262E-03   1.5415216066E-04  -1.9689532348E-05  -1.3631177716E-05  -1.1521938860E-05
    3     -3.5111009740E-04  -4.8257310417E-04  -3.9248828522E-04  -1.9927491474E-04  -9.0731706909E-05
    4      5.8556168082E-04   2.8983505770E-04  -3.9641780241E-04   5.3338650303E-06  -1.9925116940E-05
    5      7.8480395403E-03  -1.4235114444E-03   4.5754848411E-04  -3.2720606382E-04   4.5723780733E-06
    6     -2.6729996050E-03  -2.6746667048E-03   1.4372642775E-03  -4.2136439479E-04   1.6960208202E-03
    7      5.0790927303E-04  -1.6964048656E-03   1.0236582559E-04   4.6418236320E-04  -1.9208955313E-03
    8      6.4433695666E-03   2.6832876259E-04  -2.6182981397E-05  -4.6432403462E-04   1.8224253458E-04
    9     -7.0310887459E-03  -1.3879806618E-02   1.7197478351E-03  -1.6590903013E-03  -1.1947985292E-02
   10      1.1847363337E-03   1.7683687581E-02  -5.3821435616E-04   2.9708377595E-03  -3.0504008139E-02
   11     -7.1901146594E-02   2.3496452522E-02   1.1587500402E-03   4.4245215371E-03   9.7816960217E-04
   12      7.1501300210E-05   1.1875282379E-03  -2.1216539352E-03  -3.4887772810E-04  -6.2133586764E-03
   13     -3.0816614010E-04   1.0992785612E-03  -3.0786327793E-04  -3.1744014408E-04   1.9372124852E-03
   14      3.5253943707E-03  -7.9869973054E-04   1.2674255514E-04   1.0464633879E-03  -4.5281771373E-04
   15      7.2738189287E-05   9.3070039206E-05   1.2713907907E-03   3.5245498221E-04  -3.6912195599E-05
   16      3.9337093226E-04   2.6875177274E-04  -3.1779387009E-04   3.2258535872E-06  -1.6259924349E-03
   17      5.3619328124E-03  -8.9337279034E-04   4.2100858008E-04   9.9970341739E-05   5.9802601224E-05
   18     -6.5931275432E-05  -2.7205950497E-04   6.0188517315E-05  -1.0996004234E-05   3.9034312653E-05
   19     -1.8303128643E-06   5.6030364429E-05  -1.8214896814E-05   8.6739368001E-06   1.7276350049E-05
   20      8.7436936732E-05  -6.4560794585E-05  -4.8722460730E-05   2.0209702115E-05   3.2858526551E-06
   21      1.7643568433E-04  -2.3085612494E-06   2.4333978030E-05  -4.1883631694E-05   5.9436796970E-05
   22     -3.3886829000E-04   1.3091463399E-04   1.9853458792E-04   3.1429619342E-05   1.0527428605E-03
   23     -4.3367606884E-03   5.2216505649E-04  -3.6376515270E-04   1.6279027903E-04  -6.6852878379E-05
   24      1.8626468633E-04   1.0160974212E-04   9.5189994006E-06   1.7008838058E-04   7.3044777063E-05
   25     -1.1738831174E-04  -5.3204794962E-04  -6.0119319578E-05   1.8557713983E-04   1.7232453075E-05
   26     -2.6534607199E-03   5.2553456547E-04  -3.9891422954E-04  -2.5992594855E-04   1.1989259791E-05
   27      5.5664637787E-05  -2.1641275811E-05   4.1653688442E-05   4.0011911556E-05  -4.7141395490E-04
   28      9.6846719341E-06  -5.1389429484E-05  -3.9858294398E-06  -3.7304337665E-06   1.1436939541E-06
   29      1.1573915201E-04   2.9443084334E-05  -1.5340403754E-05  -2.5873313222E-06  -1.4712602005E-05
   30      4.2339661256E-05  -3.0199077653E-05   3.9177762621E-05   5.0117281634E-06  -9.3542247221E-06
   31     -5.2144463720E-05  -3.0792855027E-05   1.3619617952E-05   1.1229534065E-05   8.7642143651E-05
   32     -8.6475302627E-04   1.1926297316E-04  -1.5851578355E-04  -2.0394344970E-05  -4.9283303322E-06
   33     -2.5791447521E-03  -7.8197129689E-02   4.8660582878E-02   7.4727185476E-02  -8.7860449094E-02
   34     -1.7052608006E-03   4.9291567244E-02  -1.1839796912E-01  -1.0895084718E-01  -9.4827967464E-02
   35      5.3701783969E-01   7.5545603129E-02  -1.0895230766E-01  -2.0027567754E-01   2.4982078510E-03
   36      7.5545603129E-02   8.7233626672E-02  -5.5609242535E-02  -8.0239435538E-02   4.3749858928E-03
   37     -1.0895230766E-01  -5.5609242535E-02   1.2326869094E-01   1.1809864380E-01   1.0983319176E-02
   38     -2.0027567754E-01  -8.0239435538E-02   1.1809864380E-01   2.1314089487E-01  -1.6007527586E-03
   39      2.4982078510E-03   4.3749858928E-03   1.0983319176E-02  -1.6007527586E-03   9.7095694020E-02
   40      6.3716867310E-03  -5.6921685796E-03  -1.2535035874E-02   1.7387319284E-03   1.0552695759E-01
   41     -4.5658281634E-02  -1.0585969335E-02  -2.1636861153E-02   1.8231770437E-03  -2.4645228323E-03
   42     -6.5883856491E-02   2.8935918617E-03  -5.8095354941E-03   9.2674552033E-03   3.2476520845E-03
   43      1.0237372172E-01  -5.3593522831E-03   8.1476485534E-03  -1.4506137376E-02   8.9979076272E-03
   44     -2.3364868034E-01  -6.6517349408E-03   1.1362438812E-02  -1.9354280716E-02   8.7809753211E-04
                   40                 41                 42                 43                 44        
    0     -1.1597989779E-05   1.5424348849E-06  -3.1090250425E-04  -3.1337020303E-04   4.3475422433E-05
    1      2.1662950108E-04   5.1825230684E-06   1.6614182081E-04   8.0925794495E-04  -3.2608995976E-04
    2     -9.6374899000E-06   2.3293339310E-05  -1.9949302726E-04  -9.2406043900E-05   6.3296789101E-06
    3     -1.7601438989E-04   8.6749996408E-06  -6.3145590312E-04  -3.2491173547E-04   2.1229167337E-04
    4      2.3417250334E-04  -1.9200234385E-05   4.3095551311E-04  -4.3883041720E-04   4.7736790645E-05
    5     -2.5243959625E-05  -1.5469410085E-04   1.3559398397E-03  -4.6991212434E-04  -1.3447006833E-04
    6      2.1473583016E-03  -8.2518973119E-06  -2.6894025702E-03   1.4469213235E-03   6.9409541012E-05
    7      5.4717237030E-04  -1.2299695895E-04  -1.6721693415E-03   5.7616989549E-05  -6.6948313768E-04
    8      7.7549800089E-05  -8.7308939365E-06  -3.0898965389E-04   1.1196496749E-04  -4.1553718850E-04
    9      2.0209015317E-03  -5.6163851747E-04  -1.1616243706E-02   1.8814898045E-03  -1.6477835060E-05
   10      2.5397429645E-03  -1.6232982437E-03   1.5497708534E-02  -8.1620255337E-04  -1.0256674346E-03
   11     -1.0250085033E-04  -1.6842257476E-03  -2.6599683146E-02  -5.8858581875E-04   2.4234271719E-03
   12      1.1670965193E-04  -3.5958347590E-04   1.0786644789E-03  -2.0659757638E-03   5.6154902910E-04
   13      6.9002979979E-04   1.2540395880E-04   1.1323234305E-03  -2.7845418336E-04   5.5634014742E-04
