
$orca_hessian_file

$act_atom
  0

$act_coord
  0

$act_energy
        0.000000

$multiplicity
  1

$hessian
39
                    0                  1                  2                  3                  4        
    0      6.0589139266E-01  -7.6275416785E-03  -2.0533924309E-02  -9.8324259829E-02  -1.0772938906E-02
    1     -7.6275416785E-03   4.9322263576E-01   3.8432888979E-02  -2.5831017519E-02  -2.2224854553E-01
    2     -2.0533924309E-02   3.8432888979E-02   5.4028724851E-01   1.7000541269E-02   2.9959737529E-02
    3     -9.8324259829E-02  -2.5831017519E-02   1.7000541269E-02   5.3230953369E-01   2.3719428709E-02
    4     -1.0772938906E-02  -2.2224854553E-01   2.9959737529E-02   2.3719428709E-02   5.4053696859E-01
    5      9.6762771050E-03  -1.0953842951E-02  -6.8273178679E-02  -8.8312787118E-02   7.3936730243E-02
    6     -1.2623303806E-01   6.8041500274E-02   1.0174605140E-01   1.5454406849E-03  -1.9567226318E-03
    7      6.2100565287E-02  -1.0215000723E-01  -8.1109680342E-02   2.0361554652E-02  -2.3406074318E-02
    8      1.0155689841E-01  -8.7948817470E-02  -1.7712609941E-01  -3.3872845816E-03   1.3096568128E-03
    9     -6.8067805821E-02   1.7640850900E-02  -5.6870631262E-02   2.9143564053E-03  -6.4517611975E-04
   10      1.8412952472E-02  -6.7118828148E-02   5.8281268655E-02   6.5946948256E-03  -3.0772165078E-02
   11     -5.7235910873E-02   5.6230675706E-02  -2.3350682639E-01   1.4922467883E-03   1.3701281826E-02
   12     -2.9653634550E-01  -5.1390328922E-02  -3.6491156016E-02  -4.0337098427E-03  -3.6714979743E-03
   13     -4.2514874041E-02  -5.6739847626E-02  -6.8540419071E-03  -3.6002263065E-02  -1.2893702082E-02
   14     -3.7740305661E-02  -8.0563665664E-03  -5.2199948200E-02   5.5961725280E-03   7.0946274518E-04
   15      3.6431845161E-03   7.2063542277E-03  -1.0263113665E-03  -1.3414234687E-01   3.1428837883E-02
   16      2.2484802822E-02  -3.6423022982E-02  -2.8905341059E-02   3.2066570936E-02  -1.2951951417E-01
   17     -3.6724523518E-03  -8.2817694274E-05  -7.4227612262E-03   7.4897928614E-02  -6.7767097324E-02
   18      5.4424341990E-04  -2.2845071603E-03  -4.7342367931E-04  -2.1054310079E-02  -3.3836517705E-03
   19      2.2617491248E-03   1.0273677355E-03   2.5397918610E-04   1.9300952196E-02   2.8057331321E-03
   20      4.7237552173E-04   1.0542769401E-03   4.4849004262E-04   2.5686208462E-02   5.7603828386E-03
   21      2.7803077443E-04  -2.3262826777E-03   9.8522215189E-04   2.4807183568E-03  -7.3541859737E-04
   22     -7.4774408567E-04   4.4945161337E-03  -3.6139406038E-03  -1.0050480815E-03   1.6976605391E-03
   23      8.7373331158E-04   4.9545186153E-03   1.3407718376E-03   8.1717950697E-03  -7.9552921888E-03
   24     -2.6281795737E-03   1.4482917482E-03   2.1220678090E-03   7.6598622291E-04   2.1135903213E-02
   25      3.6425820941E-03   6.1306142123E-04  -2.3059111727E-03  -1.1669967505E-03  -1.9669113133E-02
   26      3.1920508360E-03  -1.8287961261E-03  -1.3582351007E-03  -2.9818219336E-03  -2.6096738000E-02
   27     -1.4474766525E-02  -1.3394129458E-02  -6.7567537303E-03  -2.1728620680E-01  -3.8779167159E-02
   28     -4.3023126638E-02  -2.0476918801E-02  -2.5330037369E-03  -2.4311305641E-02  -1.0433947308E-01
   29      2.8615888908E-03   7.5179897555E-03  -5.2512957741E-03  -2.4506039294E-02  -1.8583681578E-02
   30      8.2802313408E-04   2.5726108871E-03   6.1363521001E-04  -2.4732769884E-02   1.7912480004E-02
   31     -1.4865591369E-03   8.2572312642E-04   1.4136593663E-03  -4.7387599980E-03   3.3815189200E-03
   32     -5.3891085472E-04  -5.7650758463E-04   3.6448844167E-04  -1.0134429190E-03   2.8912426365E-03
   33     -6.1144031005E-03  -2.0593353364E-05   1.0289213987E-03  -8.4945343386E-03  -3.6548020910E-02
   34     -2.1087713230E-03   2.0118223968E-03   2.4479223736E-04  -4.1644485188E-03  -8.5106155012E-03
   35     -8.7379861574E-05  -4.7711053029E-04   7.2952648027E-04   1.4118696354E-04  -4.7823564950E-03
   36      1.1939238956E-03   5.9640800681E-03  -1.3492954788E-03  -3.1947897719E-02   2.2491402056E-03
   37     -6.2038332650E-04   2.9620437429E-03  -3.2927619862E-03  -4.7765576897E-03   2.9373217003E-03
   38      1.1810164373E-03   1.7622637799E-03   1.9678194684E-03  -1.2774923283E-02  -3.0714353480E-03
                    5                  6                  7                  8                  9        
    0      9.6762771050E-03  -1.2623303806E-01   6.2100565287E-02   1.0155689841E-01  -6.8067805821E-02
    1     -1.0953842951E-02   6.8041500274E-02  -1.0215000723E-01  -8.7948817470E-02   1.7640850900E-02
    2     -6.8273178679E-02   1.0174605140E-01  -8.1109680342E-02  -1.7712609941E-01  -5.6870631262E-02
    3     -8.8312787118E-02   1.5454406849E-03   2.0361554652E-02  -3.3872845816E-03   2.9143564053E-03
    4      7.3936730243E-02  -1.9567226318E-03  -2.3406074318E-02   1.3096568128E-03  -6.4517611975E-04
    5      2.8511336812E-01  -4.6110923976E-03  -2.2584516896E-02   4.7353155056E-03   5.0275997517E-03
    6     -4.6110923976E-03   1.2928710326E-01  -7.2968252024E-02  -1.0936123091E-01   5.0929472263E-03
    7     -2.2584516896E-02  -7.2968252024E-02   1.2166068053E-01   9.3155470194E-02  -5.4384001720E-03
    8      4.7353155056E-03  -1.0936123091E-01   9.3155470194E-02   1.8459246380E-01   1.5166191599E-02
    9      5.0275997517E-03   5.0929472263E-03  -5.4384001720E-03   1.5166191599E-02   6.3910582013E-02
   10      3.3490216679E-02  -4.4755305585E-03   5.2790382409E-03  -1.2154221919E-02  -2.0865666636E-02
   11     -1.4514060023E-03  -6.9754211834E-03   5.8664776387E-03  -1.8646420452E-02   6.2703621261E-02
   12      1.9803511186E-03  -1.2490543438E-02  -3.0085671256E-03  -3.2345408132E-03  -7.0197434836E-03
   13     -2.6475882825E-03   1.3593797848E-02   3.5197404872E-03   3.6986709602E-03   8.7734306175E-03
   14     -2.2696476962E-04   2.0188715036E-02   5.6121776371E-03   4.2669031328E-03  -2.7162877562E-02
   15      4.2036840452E-02   6.3386963119E-04  -3.5816249777E-03  -7.0357875451E-04   3.5657483102E-04
   16     -3.8261623373E-02  -1.1465314312E-03  -5.4348843716E-03   5.8314115414E-04  -2.1907512737E-04
   17     -1.2535438746E-01  -3.2011472917E-04   8.5708066796E-04   1.4315347801E-03  -1.0153335870E-03
   18      2.5071263776E-03   4.8987278924E-04   8.0157847315E-05   9.6105228955E-05  -1.8101621755E-04
   19      1.5366910582E-03   9.9702131798E-05   3.2351532069E-04   1.5852033653E-04  -2.2936154241E-04
   20      1.0733942039E-03   4.9650651396E-05   2.5172181732E-04  -1.1466521797E-04  -2.1902839019E-04
   21      2.4078191825E-02  -1.9733852612E-05   4.3326375238E-05  -1.2350285656E-04  -2.0953985545E-04
   22     -2.2252667174E-02   5.9801807624E-05  -1.1247594820E-04   4.7268921467E-04   1.0287936942E-04
   23     -3.3509806791E-02   3.1479181578E-04  -5.5237587806E-04   3.0581279288E-04   6.5446897662E-05
   24     -1.6764974691E-03   4.8468793528E-04   9.6060377272E-04   9.2298950089E-05   3.2475836839E-05
   25     -2.1816681290E-03   1.5819426804E-05  -1.0418123714E-03   1.0188241649E-04   1.7509832238E-06
   26      1.7166259524E-03   1.3147304900E-04  -1.2377027496E-03   2.8269374244E-04   2.0545476658E-04
   27      1.5616259031E-02   6.8639717536E-04   2.5500260231E-03   4.5495039249E-04   2.4078518868E-03
   28     -7.2382819834E-03  -1.5486768396E-03   9.2727344869E-04   6.1938146619E-04  -4.7206482875E-04
   29     -6.7481337155E-02  -1.3268724937E-03  -8.2879346442E-04   3.9931101973E-04   3.1232548947E-03
   30      2.2164226141E-02   2.9949264999E-04  -7.6908126234E-04  -3.4968185137E-04   8.4175481181E-06
   31      7.1243658939E-03   1.8730568275E-04   2.3456509774E-04  -2.1972237041E-04   4.9530573802E-05
   32      4.1562874608E-03   1.8363444065E-04   3.9644648733E-04   1.2583703196E-04  -5.5375231881E-05
   33      3.7173454426E-03   3.0567756784E-04   1.2317394248E-04  -3.2948389087E-04  -5.1043918990E-05
   34     -1.4262534476E-03   5.1487976332E-05   2.3485405678E-04   1.6982554301E-04   2.1087481528E-04
   35     -1.5811279947E-04  -2.9728016277E-04   2.3974352122E-04   1.5910378835E-04  -2.4222159656E-04
   36     -3.2213620823E-02  -8.2173571048E-05  -4.4980495595E-04   1.2739173582E-04   8.0594354911E-04
   37     -8.5534553342E-03   4.2620954891E-05  -3.4412942551E-05   5.9405966759E-05   1.0884121941E-03
   38     -3.3979759016E-04   2.7316283243E-04  -7.1930939308E-05  -4.1179052175E-04  -7.2734856452E-04
                   10                 11                 12                 13                 14        
    0      1.8412952472E-02  -5.7235910873E-02  -2.9653634550E-01  -4.2514874041E-02  -3.7740305661E-02
    1     -6.7118828148E-02   5.6230675706E-02  -5.1390328922E-02  -5.6739847626E-02  -8.0563665664E-03
    2      5.8281268655E-02  -2.3350682639E-01  -3.6491156016E-02  -6.8540419071E-03  -5.2199948200E-02
    3      6.5946948256E-03   1.4922467883E-03  -4.0337098427E-03  -3.6002263065E-02   5.5961725280E-03
    4     -3.0772165078E-02   1.3701281826E-02  -3.6714979743E-03  -1.2893702082E-02   7.0946274518E-04
    5      3.3490216679E-02  -1.4514060023E-03   1.9803511186E-03  -2.6475882825E-03  -2.2696476962E-04
    6     -4.4755305585E-03  -6.9754211834E-03  -1.2490543438E-02   1.3593797848E-02   2.0188715036E-02
    7      5.2790382409E-03   5.8664776387E-03  -3.0085671256E-03   3.5197404872E-03   5.6121776371E-03
    8     -1.2154221919E-02  -1.8646420452E-02  -3.2345408132E-03   3.6986709602E-03   4.2669031328E-03
    9     -2.0865666636E-02   6.2703621261E-02  -7.0197434836E-03   8.7734306175E-03  -2.7162877562E-02
   10      8.3811122679E-02  -7.5827011994E-02  -8.2526135611E-04   2.4845470527E-03  -5.1446593880E-03
   11     -7.5827011994E-02   2.5223256017E-01  -8.1289834024E-04   3.4714061187E-04  -3.7286493938E-03
   12     -8.2526135611E-04  -8.1289834024E-04   3.1657634632E-01   5.8725770205E-02   3.9124244383E-02
   13      2.4845470527E-03   3.4714061187E-04   5.8725770205E-02   6.8740969965E-02   6.0073382102E-03
   14     -5.1446593880E-03  -3.7286493938E-03   3.9124244383E-02   6.0073382102E-03   5.0253954834E-02
   15     -2.8363558169E-03   1.9715372956E-03   7.3811635973E-04  -2.5286506466E-03  -8.1692291454E-04
   16      3.4019027754E-03  -1.9904826691E-03   1.7367951158E-03   1.2352652064E-03  -3.6479163605E-04
   17      5.7461645168E-03   2.3616713501E-03   8.8492693904E-04   6.3616026466E-04   4.9342336587E-05
   18      2.1865020340E-04  -3.5548714832E-04   4.4253869620E-04   7.9393347458E-04   7.4770828265E-05
   19     -1.9586255333E-04  -7.4853346217E-05  -4.1109557701E-04   3.2083927901E-05  -1.1499679994E-04
   20     -3.3241102609E-04  -1.5218117304E-04  -3.5371487068E-04  -1.1123371018E-04   1.2928670888E-04
   21     -2.0999570552E-04  -1.2456070305E-03  -3.0353539848E-04   3.6292094027E-04  -1.3157221115E-04
   22      8.0613896791E-04   1.8763258966E-03   5.1794806702E-05  -1.7303463047E-04   1.2037179508E-04
   23     -2.3584472198E-03   9.4217307486E-04  -3.6552715879E-04  -2.4489839656E-04  -5.2610220747E-05
   24     -9.6937747283E-05   8.0855192363E-07   5.6301196357E-04  -3.3003147303E-05   3.6037128556E-05
   25     -5.9788271323E-05   3.7061824775E-04  -3.0016164917E-05   2.6835431094E-04   1.1736932660E-04
   26     -7.2290876249E-04   1.9959519227E-04   3.2964222696E-05   2.2165313432E-04  -1.3365528227E-04
   27      6.0978865917E-03  -1.7829125836E-03   2.1524102786E-03   8.6576427757E-04   4.2561836777E-04
   28      1.7742852912E-03  -1.3729799561E-03  -1.2231925776E-03  -6.2628543916E-03   3.1196921146E-04
   29      1.5807729256E-03   1.9390552711E-03  -1.4137512847E-04  -9.3150233394E-04   7.4475735051E-04
   30     -4.4220664851E-04   1.0663849221E-04   2.0510093433E-04   1.1367784745E-04  -2.7113116957E-04
   31     -1.3360351834E-04  -2.7044318183E-04   4.0704536739E-05   3.3758563912E-04   2.6672238644E-04
   32     -1.2716225553E-04  -4.0168359753E-04  -2.0728312047E-04   3.0475878403E-04   1.5743022127E-04
   33     -3.7792953007E-04   2.9323373447E-04  -2.6835937492E-04  -1.7767839450E-03   1.4993640260E-04
   34     -4.6708699093E-05   2.4627454233E-04  -2.1423391678E-04  -4.8130036368E-04   2.2958341257E-04
   35     -5.3124261394E-04   2.6670065945E-04  -1.9392432028E-04  -1.1813930567E-04   4.8173035313E-04
   36     -1.1922851210E-03   1.8413980606E-03  -2.5287514837E-05  -3.7042058220E-04   5.1809100238E-04
   37      7.6992126087E-04   8.9940351479E-04   2.1582916563E-04  -6.7807496282E-05   3.0194176806E-04
   38     -1.9027844346E-03  -5.4588706945E-05  -2.1284305273E-04  -3.0444013163E-04   2.5842292888E-04
                   15                 16                 17                 18                 19        
    0      3.6431845161E-03   2.2484802822E-02  -3.6724523518E-03   5.4424341990E-04   2.2617491248E-03
    1      7.2063542277E-03  -3.6423022982E-02  -8.2817694274E-05  -2.2845071603E-03   1.0273677355E-03
    2     -1.0263113665E-03  -2.8905341059E-02  -7.4227612262E-03  -4.7342367931E-04   2.5397918610E-04
    3     -1.3414234687E-01   3.2066570936E-02   7.4897928614E-02  -2.1054310079E-02   1.9300952196E-02
    4      3.1428837883E-02  -1.2951951417E-01  -6.7767097324E-02  -3.3836517705E-03   2.8057331321E-03
    5      4.2036840452E-02  -3.8261623373E-02  -1.2535438746E-01   2.5071263776E-03   1.5366910582E-03
    6      6.3386963119E-04  -1.1465314312E-03  -3.2011472917E-04   4.8987278924E-04   9.9702131798E-05
    7     -3.5816249777E-03  -5.4348843716E-03   8.5708066796E-04   8.0157847315E-05   3.2351532069E-04
    8     -7.0357875451E-04   5.8314115414E-04   1.4315347801E-03   9.6105228955E-05   1.5852033653E-04
    9      3.5657483102E-04  -2.1907512737E-04  -1.0153335870E-03  -1.8101621755E-04  -2.2936154241E-04
   10     -2.8363558169E-03   3.4019027754E-03   5.7461645168E-03   2.1865020340E-04  -1.9586255333E-04
   11      1.9715372956E-03  -1.9904826691E-03   2.3616713501E-03  -3.5548714832E-04  -7.4853346217E-05
   12      7.3811635973E-04   1.7367951158E-03   8.8492693904E-04   4.4253869620E-04  -4.1109557701E-04
   13     -2.5286506466E-03   1.2352652064E-03   6.3616026466E-04   7.9393347458E-04   3.2083927901E-05
   14     -8.1692291454E-04  -3.6479163605E-04   4.9342336587E-05   7.4770828265E-05  -1.1499679994E-04
   15      5.7323270588E-01   3.7757682289E-02   2.1840546572E-02  -2.8719631443E-01  -6.5333829120E-02
   16      3.7757682289E-02   5.8057521596E-01  -2.1925455304E-02  -5.9315778387E-02  -6.4051553415E-02
   17      2.1840546572E-02  -2.1925455304E-02   4.8568993764E-01  -3.8964980682E-02  -1.0975647291E-02
   18     -2.8719631443E-01  -5.9315778387E-02  -3.8964980682E-02   3.1476315398E-01   6.2534362335E-02
   19     -6.5333829120E-02  -6.4051553415E-02  -1.0975647291E-02   6.2534362335E-02   6.3377819516E-02
   20     -4.5625184544E-02  -1.2032155444E-02  -5.4172783600E-02   3.7486746524E-02   1.4879503720E-02
   21     -6.5576483656E-02   1.2729412389E-02  -5.4442533024E-02  -6.0798603759E-03   6.9678849768E-03
   22      1.2701568718E-02  -6.0990467955E-02   4.5664419154E-02  -2.0946088276E-03   1.7006496992E-03
   23     -5.6124062734E-02   4.7129415645E-02  -2.4219372532E-01  -1.7578461222E-03   1.8368381491E-03
   24     -5.3167377672E-02  -3.9517367670E-02   7.5320351187E-03  -9.7555379303E-04  -2.7566457545E-02
   25     -3.3586666081E-02  -2.9606763742E-01   4.5127218849E-02  -2.3676577914E-04  -4.0121149374E-03
   26      7.7458203463E-03   5.1961983833E-02  -5.6236497981E-02  -4.5240190505E-04  -5.4105693016E-03
   27     -3.8574888112E-02   2.6804029138E-03   2.1946829247E-04   1.2158654643E-04   1.7329524208E-03
   28      1.8529433373E-02   6.4872492668E-03   3.0485450707E-03   3.9188028302E-03  -2.1463803533E-03
   29      2.8839034852E-02   3.7919102614E-03  -8.1121222336E-03   2.3995727235E-03  -1.8711992738E-03
   30     -4.8789741993E-03  -4.1793680070E-03  -6.6779584754E-04  -1.1016487691E-03   8.0710787032E-04
   31     -1.7380015426E-03   7.4750538714E-05   2.7966916954E-04  -1.5702299470E-04   5.6683423672E-04
   32     -5.0698818994E-04   7.4496870111E-04   1.4457484021E-03  -6.4645014630E-05  -1.2275119480E-04
   33      1.3148744653E-03  -2.4573320301E-03  -5.1722047476E-04   2.7404975340E-04  -7.0402316912E-05
   34      1.8025094115E-03   6.6599523985E-04  -1.0067130786E-03  -6.0780734427E-05   5.5211536305E-04
   35      2.1782853056E-04   8.8277656717E-04   6.0426498250E-05  -1.1872822669E-04  -5.9918976645E-05
   36      3.6170592497E-03  -2.6219666281E-03  -5.7722349723E-03  -4.6741521385E-05  -9.1454202569E-05
   37      1.8049509952E-04   4.6701329243E-05   4.3610973102E-04  -1.4901788243E-05   1.9792328284E-05
   38      2.1492005883E-03  -1.6519834088E-03   2.4536168172E-03  -3.6526114185E-04  -3.3031551441E-05
                   20                 21                 22                 23                 24        
    0      4.7237552173E-04   2.7803077443E-04  -7.4774408567E-04   8.7373331158E-04  -2.6281795737E-03
    1      1.0542769401E-03  -2.3262826777E-03   4.4945161337E-03   4.9545186153E-03   1.4482917482E-03
    2      4.4849004262E-04   9.8522215189E-04  -3.6139406038E-03   1.3407718376E-03   2.1220678090E-03
    3      2.5686208462E-02   2.4807183568E-03  -1.0050480815E-03   8.1717950697E-03   7.6598622291E-04
    4      5.7603828386E-03  -7.3541859737E-04   1.6976605391E-03  -7.9552921888E-03   2.1135903213E-02
    5      1.0733942039E-03   2.4078191825E-02  -2.2252667174E-02  -3.3509806791E-02  -1.6764974691E-03
    6      4.9650651396E-05  -1.9733852612E-05   5.9801807624E-05   3.1479181578E-04   4.8468793528E-04
    7      2.5172181732E-04   4.3326375238E-05  -1.1247594820E-04  -5.5237587806E-04   9.6060377272E-04
    8     -1.1466521797E-04  -1.2350285656E-04   4.7268921467E-04   3.0581279288E-04   9.2298950089E-05
    9     -2.1902839019E-04  -2.0953985545E-04   1.0287936942E-04   6.5446897662E-05   3.2475836839E-05
   10     -3.3241102609E-04  -2.0999570552E-04   8.0613896791E-04  -2.3584472198E-03  -9.6937747283E-05
   11     -1.5218117304E-04  -1.2456070305E-03   1.8763258966E-03   9.4217307486E-04   8.0855192363E-07
   12     -3.5371487068E-04  -3.0353539848E-04   5.1794806702E-05  -3.6552715879E-04   5.6301196357E-04
   13     -1.1123371018E-04   3.6292094027E-04  -1.7303463047E-04  -2.4489839656E-04  -3.3003147303E-05
   14      1.2928670888E-04  -1.3157221115E-04   1.2037179508E-04  -5.2610220747E-05   3.6037128556E-05
   15     -4.5625184544E-02  -6.5576483656E-02   1.2701568718E-02  -5.6124062734E-02  -5.3167377672E-02
   16     -1.2032155444E-02   1.2729412389E-02  -6.0990467955E-02   4.7129415645E-02  -3.9517367670E-02
   17     -5.4172783600E-02  -5.4442533024E-02   4.5664419154E-02  -2.4219372532E-01   7.5320351187E-03
   18      3.7486746524E-02  -6.0798603759E-03  -2.0946088276E-03  -1.7578461222E-03  -9.7555379303E-04
   19      1.4879503720E-02   6.9678849768E-03   1.7006496992E-03   1.8368381491E-03  -2.7566457545E-02
   20      5.7314629860E-02  -2.7264131781E-02  -7.3480344084E-03  -3.8723344030E-03   5.8715040205E-03
   21     -2.7264131781E-02   6.3072901015E-02  -1.5677212180E-02   5.2761181800E-02   1.1397746590E-03
   22     -7.3480344084E-03  -1.5677212180E-02   5.7980155709E-02  -4.3397282601E-02   8.1682143651E-03
   23     -3.8723344030E-03   5.2761181800E-02  -4.3397282601E-02   2.7896377689E-01  -2.2512686127E-03
   24      5.8715040205E-03   1.1397746590E-03   8.1682143651E-03  -2.2512686127E-03   5.2651661686E-02
   25      1.1030049075E-03  -1.2171911141E-03  -4.9216502865E-03   1.5861816600E-03   3.3819621983E-02
   26      3.5772682959E-04   4.3674456574E-03   2.7767200180E-02  -4.4501977716E-03  -1.1365282236E-02
   27      2.1105269422E-03   4.7485587999E-03  -1.9475295164E-03  -4.8293124751E-03   9.9722647315E-04
   28     -3.0343159053E-03  -2.2158223850E-04  -4.0197512531E-05  -1.3681539267E-03   2.2697841376E-03
   29     -1.3339795126E-03   3.6231567584E-03  -5.3070107688E-04   1.4040077591E-03  -3.6170537519E-04
   30      1.2501003510E-03  -1.2457128945E-04   4.7812104741E-05   5.9347477777E-04   2.9712899164E-04
   31     -1.2599902890E-06   3.6330624051E-05  -1.0920603646E-05  -2.4556447906E-04   7.9303792228E-05
   32      2.5900247430E-04  -4.7708289901E-04   7.8718795284E-05   3.0009900932E-04  -1.5818811232E-04
   33     -2.2360143096E-04  -2.1490372377E-04   3.8078175351E-04   1.9863767399E-04   2.9064713272E-05
   34     -6.9238022399E-05   6.5029517112E-05  -2.4600081615E-04   3.9271941832E-04  -4.4423485053E-04
   35     -1.2638484932E-04  -1.3072717729E-04   1.1209931341E-04  -6.7833577587E-05   1.2219891832E-04
   36      7.4700078261E-04   8.0864454644E-04  -3.8455498895E-05   2.3459836677E-03  -1.8990744282E-04
   37     -1.2280643072E-04   1.8052295526E-04  -1.8437329658E-04   2.0839359744E-04  -2.2412274437E-04
   38      1.8979863672E-04  -1.9970691248E-03   1.0647491189E-03   8.8986672469E-04   3.8183845101E-05
                   25                 26                 27                 28                 29        
    0      3.6425820941E-03   3.1920508360E-03  -1.4474766525E-02  -4.3023126638E-02   2.8615888908E-03
    1      6.1306142123E-04  -1.8287961261E-03  -1.3394129458E-02  -2.0476918801E-02   7.5179897555E-03
    2     -2.3059111727E-03  -1.3582351007E-03  -6.7567537303E-03  -2.5330037369E-03  -5.2512957741E-03
    3     -1.1669967505E-03  -2.9818219336E-03  -2.1728620680E-01  -2.4311305641E-02  -2.4506039294E-02
    4     -1.9669113133E-02  -2.6096738000E-02  -3.8779167159E-02  -1.0433947308E-01  -1.8583681578E-02
    5     -2.1816681290E-03   1.7166259524E-03   1.5616259031E-02  -7.2382819834E-03  -6.7481337155E-02
    6      1.5819426804E-05   1.3147304900E-04   6.8639717536E-04  -1.5486768396E-03  -1.3268724937E-03
    7     -1.0418123714E-03  -1.2377027496E-03   2.5500260231E-03   9.2727344869E-04  -8.2879346442E-04
    8      1.0188241649E-04   2.8269374244E-04   4.5495039249E-04   6.1938146619E-04   3.9931101973E-04
    9      1.7509832238E-06   2.0545476658E-04   2.4078518868E-03  -4.7206482875E-04   3.1232548947E-03
   10     -5.9788271323E-05  -7.2290876249E-04   6.0978865917E-03   1.7742852912E-03   1.5807729256E-03
   11      3.7061824775E-04   1.9959519227E-04  -1.7829125836E-03  -1.3729799561E-03   1.9390552711E-03
   12     -3.0016164917E-05   3.2964222696E-05   2.1524102786E-03  -1.2231925776E-03  -1.4137512847E-04
   13      2.6835431094E-04   2.2165313432E-04   8.6576427757E-04  -6.2628543916E-03  -9.3150233394E-04
   14      1.1736932660E-04  -1.3365528227E-04   4.2561836777E-04   3.1196921146E-04   7.4475735051E-04
   15     -3.3586666081E-02   7.7458203463E-03  -3.8574888112E-02   1.8529433373E-02   2.8839034852E-02
   16     -2.9606763742E-01   5.1961983833E-02   2.6804029138E-03   6.4872492668E-03   3.7919102614E-03
   17      4.5127218849E-02  -5.6236497981E-02   2.1946829247E-04   3.0485450707E-03  -8.1121222336E-03
   18     -2.3676577914E-04  -4.5240190505E-04   1.2158654643E-04   3.9188028302E-03   2.3995727235E-03
   19     -4.0121149374E-03  -5.4105693016E-03   1.7329524208E-03  -2.1463803533E-03  -1.8711992738E-03
   20      1.1030049075E-03   3.5772682959E-04   2.1105269422E-03  -3.0343159053E-03  -1.3339795126E-03
   21     -1.2171911141E-03   4.3674456574E-03   4.7485587999E-03  -2.2158223850E-04   3.6231567584E-03
   22     -4.9216502865E-03   2.7767200180E-02  -1.9475295164E-03  -4.0197512531E-05  -5.3070107688E-04
   23      1.5861816600E-03  -4.4501977716E-03  -4.8293124751E-03  -1.3681539267E-03   1.4040077591E-03
   24      3.3819621983E-02  -1.1365282236E-02   9.9722647315E-04   2.2697841376E-03  -3.6170537519E-04
   25      3.2350274611E-01  -4.4563803407E-02  -2.2611470213E-03   5.4473234154E-04   4.9185389564E-04
   26     -4.4563803407E-02   5.9290831014E-02  -9.6433686618E-04  -6.1969197201E-04   4.7391350095E-04
   27     -2.2611470213E-03  -9.6433686618E-04   4.9458463772E-01  -1.9869180593E-02  -3.9110837452E-02
   28      5.4473234154E-04  -6.1969197201E-04  -1.9869180593E-02   6.0391148140E-01   1.5332072652E-02
   29      4.9185389564E-04   4.7391350095E-04  -3.9110837452E-02   1.5332072652E-02   5.4141424483E-01
   30      5.4099214098E-05  -2.5403390935E-04  -1.1253659793E-01   6.2995479400E-02   8.9162728533E-02
   31      5.0266387229E-04  -9.2205399262E-05   6.9017232456E-02  -1.1545335784E-01  -9.4948147014E-02
   32     -1.2357110058E-04  -1.0261267695E-04   9.5841951467E-02  -9.3930617230E-02  -1.7742592400E-01
   33      7.3539517053E-04   3.9933857548E-05  -4.9298552696E-02  -1.4925801380E-02   3.0855288690E-03
   34      5.0972781041E-04   3.6484138236E-04  -2.3856216675E-02  -3.0243419118E-01   4.2095921984E-02
   35     -8.2040921744E-05   1.2944597866E-04   4.2985066668E-03   4.3266963490E-02  -5.3874996273E-02
   36      2.2991473147E-04   3.0054157858E-04  -7.3527656817E-02   1.7881036242E-02  -6.7600625220E-02
   37     -1.6916944722E-04   2.5685720597E-04   1.7163500494E-02  -6.2491648589E-02   4.6911271916E-02
   38      3.5874541081E-04  -1.6963339807E-04  -6.5570538609E-02   4.7490344170E-02  -2.3289563478E-01
                   30                 31                 32                 33                 34        
    0      8.2802313408E-04  -1.4865591369E-03  -5.3891085472E-04  -6.1144031005E-03  -2.1087713230E-03
    1      2.5726108871E-03   8.2572312642E-04  -5.7650758463E-04  -2.0593353364E-05   2.0118223968E-03
    2      6.1363521001E-04   1.4136593663E-03   3.6448844167E-04   1.0289213987E-03   2.4479223736E-04
    3     -2.4732769884E-02  -4.7387599980E-03  -1.0134429190E-03  -8.4945343386E-03  -4.1644485188E-03
    4      1.7912480004E-02   3.3815189200E-03   2.8912426365E-03  -3.6548020910E-02  -8.5106155012E-03
    5      2.2164226141E-02   7.1243658939E-03   4.1562874608E-03   3.7173454426E-03  -1.4262534476E-03
    6      2.9949264999E-04   1.8730568275E-04   1.8363444065E-04   3.0567756784E-04   5.1487976332E-05
    7     -7.6908126234E-04   2.3456509774E-04   3.9644648733E-04   1.2317394248E-04   2.3485405678E-04
    8     -3.4968185137E-04  -2.1972237041E-04   1.2583703196E-04  -3.2948389087E-04   1.6982554301E-04
    9      8.4175481181E-06   4.9530573802E-05  -5.5375231881E-05  -5.1043918990E-05   2.1087481528E-04
   10     -4.4220664851E-04  -1.3360351834E-04  -1.2716225553E-04  -3.7792953007E-04  -4.6708699093E-05
   11      1.0663849221E-04  -2.7044318183E-04  -4.0168359753E-04   2.9323373447E-04   2.4627454233E-04
   12      2.0510093433E-04   4.0704536739E-05  -2.0728312047E-04  -2.6835937492E-04  -2.1423391678E-04
   13      1.1367784745E-04   3.3758563912E-04   3.0475878403E-04  -1.7767839450E-03  -4.8130036368E-04
   14     -2.7113116957E-04   2.6672238644E-04   1.5743022127E-04   1.4993640260E-04   2.2958341257E-04
   15     -4.8789741993E-03  -1.7380015426E-03  -5.0698818994E-04   1.3148744653E-03   1.8025094115E-03
   16     -4.1793680070E-03   7.4750538714E-05   7.4496870111E-04  -2.4573320301E-03   6.6599523985E-04
   17     -6.6779584754E-04   2.7966916954E-04   1.4457484021E-03  -5.1722047476E-04  -1.0067130786E-03
   18     -1.1016487691E-03  -1.5702299470E-04  -6.4645014630E-05   2.7404975340E-04  -6.0780734427E-05
   19      8.0710787032E-04   5.6683423672E-04  -1.2275119480E-04  -7.0402316912E-05   5.5211536305E-04
   20      1.2501003510E-03  -1.2599902890E-06   2.5900247430E-04  -2.2360143096E-04  -6.9238022399E-05
   21     -1.2457128945E-04   3.6330624051E-05  -4.7708289901E-04  -2.1490372377E-04   6.5029517112E-05
   22      4.7812104741E-05  -1.0920603646E-05   7.8718795284E-05   3.8078175351E-04  -2.4600081615E-04
   23      5.9347477777E-04  -2.4556447906E-04   3.0009900932E-04   1.9863767399E-04   3.9271941832E-04
   24      2.9712899164E-04   7.9303792228E-05  -1.5818811232E-04   2.9064713272E-05  -4.4423485053E-04
   25      5.4099214098E-05   5.0266387229E-04  -1.2357110058E-04   7.3539517053E-04   5.0972781041E-04
   26     -2.5403390935E-04  -9.2205399262E-05  -1.0261267695E-04   3.9933857548E-05   3.6484138236E-04
   27     -1.1253659793E-01   6.9017232456E-02   9.5841951467E-02  -4.9298552696E-02  -2.3856216675E-02
   28      6.2995479400E-02  -1.1545335784E-01  -9.3930617230E-02  -1.4925801380E-02  -3.0243419118E-01
   29      8.9162728533E-02  -9.4948147014E-02  -1.7742592400E-01   3.0855288690E-03   4.2095921984E-02
   30      1.3321759191E-01  -7.1998879720E-02  -1.0204299623E-01   2.0533547563E-03  -1.4229875801E-03
   31     -7.1998879720E-02   1.1727652254E-01   1.0140261410E-01   1.4694452518E-02  -1.1497328754E-02
   32     -1.0204299623E-01   1.0140261410E-01   1.8500990061E-01  -4.2531349524E-03   3.1377036854E-03
   33      2.0533547563E-03   1.4694452518E-02  -4.2531349524E-03   5.8922494659E-02   3.0008016089E-02
   34     -1.4229875801E-03  -1.1497328754E-02   3.1377036854E-03   3.0008016089E-02   3.2477642656E-01
   35     -3.3353243855E-03  -2.0681886679E-02   4.7454973808E-03  -2.4771511996E-03  -4.5158490703E-02
   36      6.4654521389E-03  -3.9745428130E-03   1.3294833557E-02   1.5422812383E-03   1.3857388803E-04
   37     -5.7018380875E-03   3.8950467428E-03  -1.4078625913E-02   1.0230225893E-02  -5.5347961084E-03
   38     -6.9722120442E-03   5.9749802797E-03  -1.8634070753E-02  -7.1376862229E-04   7.8119511047E-04
                   35                 36                 37                 38        
     0     -8.7379861574E-05   1.1939238956E-03  -6.2038332650E-04   1.1810164373E-03
     1     -4.7711053029E-04   5.9640800681E-03   2.9620437429E-03   1.7622637799E-03
     2      7.2952648027E-04  -1.3492954788E-03  -3.2927619862E-03   1.9678194684E-03
     3      1.4118696354E-04  -3.1947897719E-02  -4.7765576897E-03  -1.2774923283E-02
     4     -4.7823564950E-03   2.2491402056E-03   2.9373217003E-03  -3.0714353480E-03
     5     -1.5811279947E-04  -3.2213620823E-02  -8.5534553342E-03  -3.3979759016E-04
     6     -2.9728016277E-04  -8.2173571048E-05   4.2620954891E-05   2.7316283243E-04
     7      2.3974352122E-04  -4.4980495595E-04  -3.4412942551E-05  -7.1930939308E-05
     8      1.5910378835E-04   1.2739173582E-04   5.9405966759E-05  -4.1179052175E-04
     9     -2.4222159656E-04   8.0594354911E-04   1.0884121941E-03  -7.2734856452E-04
    10     -5.3124261394E-04  -1.1922851210E-03   7.6992126087E-04  -1.9027844346E-03
    11      2.6670065945E-04   1.8413980606E-03   8.9940351479E-04  -5.4588706945E-05
    12     -1.9392432028E-04  -2.5287514837E-05   2.1582916563E-04  -2.1284305273E-04
    13     -1.1813930567E-04  -3.7042058220E-04  -6.7807496282E-05  -3.0444013163E-04
    14      4.8173035313E-04   5.1809100238E-04   3.0194176806E-04   2.5842292888E-04
    15      2.1782853056E-04   3.6170592497E-03   1.8049509952E-04   2.1492005883E-03
    16      8.8277656717E-04  -2.6219666281E-03   4.6701329243E-05  -1.6519834088E-03
    17      6.0426498250E-05  -5.7722349723E-03   4.3610973102E-04   2.4536168172E-03
    18     -1.1872822669E-04  -4.6741521385E-05  -1.4901788243E-05  -3.6526114185E-04
    19     -5.9918976645E-05  -9.1454202569E-05   1.9792328284E-05  -3.3031551441E-05
    20     -1.2638484932E-04   7.4700078261E-04  -1.2280643072E-04   1.8979863672E-04
    21     -1.3072717729E-04   8.0864454644E-04   1.8052295526E-04  -1.9970691248E-03
    22      1.1209931341E-04  -3.8455498895E-05  -1.8437329658E-04   1.0647491189E-03
    23     -6.7833577587E-05   2.3459836677E-03   2.0839359744E-04   8.8986672469E-04
    24      1.2219891832E-04  -1.8990744282E-04  -2.2412274437E-04   3.8183845101E-05
    25     -8.2040921744E-05   2.2991473147E-04  -1.6916944722E-04   3.5874541081E-04
    26      1.2944597866E-04   3.0054157858E-04   2.5685720597E-04  -1.6963339807E-04
    27      4.2985066668E-03  -7.3527656817E-02   1.7163500494E-02  -6.5570538609E-02
    28      4.3266963490E-02   1.7881036242E-02  -6.2491648589E-02   4.7490344170E-02
    29     -5.3874996273E-02  -6.7600625220E-02   4.6911271916E-02  -2.3289563478E-01
    30     -3.3353243855E-03   6.4654521389E-03  -5.7018380875E-03  -6.9722120442E-03
    31     -2.0681886679E-02  -3.9745428130E-03   3.8950467428E-03   5.9749802797E-03
    32      4.7454973808E-03   1.3294833557E-02  -1.4078625913E-02  -1.8634070753E-02
    33     -2.4771511996E-03   1.5422812383E-03   1.0230225893E-02  -7.1376862229E-04
    34     -4.5158490703E-02   1.3857388803E-04  -5.5347961084E-03   7.8119511047E-04
    35      5.1896537882E-02   2.1038390432E-03   2.7387441269E-02  -4.2416415215E-03
    36      2.1038390432E-03   9.1386359968E-02  -1.7743809227E-02   8.5674548903E-02
    37      2.7387441269E-02  -1.7743809227E-02   5.7851380775E-02  -5.0404923680E-02
    38     -4.2416415215E-03   8.5674548903E-02  -5.0404923680E-02   2.5098763270E-01

$vibrational_frequencies
39
    0        0.0000000000000000
    1        0.0000000000000000
    2        0.0000000000000000
    3        0.0000000000000000
    4        0.0000000000000000
    5        0.0000000000000000
    6      260.9252835759779714
    7      271.7444813250266407
    8      272.0681937969218325
    9      347.3445887397342631
   10      426.6368280357755793
   11      426.9783832881179251
   12      847.5192390469271686
   13     1066.7074038848602413
   14     1068.7218980820744036
   15     1068.8185916778643332
   16     1116.1845037489576953
   17     1116.4859949272504309
   18     1199.8845536808723864
   19     1311.6811191725835215
   20     1311.9602971449578490
   21     1424.3946896437284977
   22     1424.6195458846309521
   23     1446.2645739361639698
   24     1446.6050104618379919
   25     1453.3444876222163202
   26     1459.5950668774221413
   27     1475.3631494345847841
   28     1479.5282020253980590
   29     1479.6385035146033715
   30     2892.1869693460039343
   31     2892.7830736814171360
   32     2907.2551937108696620
   33     3052.4563091727927713
   34     3052.8027286872488730
   35     3055.4538321034806359
   36     3104.2991951501880976
   37     3106.2327333026873930
   38     3106.3745678412747111

$normal_modes
39 39
                    0                  1                  2                  3                  4        
    0      0.0000000000E+00   0.0000000000E+00   0.0000000000E+00   0.0000000000E+00   0.0000000000E+00
    1      0.0000000000E+00   0.0000000000E+00   0.0000000000E+00   0.0000000000E+00   0.0000000000E+00
    2      0.0000000000E+00   0.0000000000E+00   0.0000000000E+00   0.0000000000E+00   0.0000000000E+00
    3      0.0000000000E+00   0.0000000000E+00   0.0000000000E+00   0.0000000000E+00   0.0000000000E+00
    4      0.0000000000E+00   0.0000000000E+00   0.0000000000E+00   0.0000000000E+00   0.0000000000E+00
    5      0.0000000000E+00   0.0000000000E+00   0.0000000000E+00   0.0000000000E+00   0.0000000000E+00
    6      0.0000000000E+00   0.0000000000E+00   0.0000000000E+00   0.0000000000E+00   0.0000000000E+00
    7      0.0000000000E+00   0.0000000000E+00   0.0000000000E+00   0.0000000000E+00   0.0000000000E+00
    8      0.0000000000E+00   0.0000000000E+00   0.0000000000E+00   0.0000000000E+00   0.0000000000E+00
    9      0.0000000000E+00   0.0000000000E+00   0.0000000000E+00   0.0000000000E+00   0.0000000000E+00
   10      0.0000000000E+00   0.0000000000E+00   0.0000000000E+00   0.0000000000E+00   0.0000000000E+00
   11      0.0000000000E+00   0.0000000000E+00   0.0000000000E+00   0.0000000000E+00   0.0000000000E+00
   12      0.0000000000E+00   0.0000000000E+00   0.0000000000E+00   0.0000000000E+00   0.0000000000E+00
   13      0.0000000000E+00   0.0000000000E+00   0.0000000000E+00   0.0000000000E+00   0.0000000000E+00
   14      0.0000000000E+00   0.0000000000E+00   0.0000000000E+00   0.0000000000E+00   0.0000000000E+00
   15      0.0000000000E+00   0.0000000000E+00   0.0000000000E+00   0.0000000000E+00   0.0000000000E+00
   16      0.0000000000E+00   0.0000000000E+00   0.0000000000E+00   0.0000000000E+00   0.0000000000E+00
   17      0.0000000000E+00   0.0000000000E+00   0.0000000000E+00   0.0000000000E+00   0.0000000000E+00
   18      0.0000000000E+00   0.0000000000E+00   0.0000000000E+00   0.0000000000E+00   0.0000000000E+00
   19      0.0000000000E+00   0.0000000000E+00   0.0000000000E+00   0.0000000000E+00   0.0000000000E+00
   20      0.0000000000E+00   0.0000000000E+00   0.0000000000E+00   0.0000000000E+00   0.0000000000E+00
   21      0.0000000000E+00   0.0000000000E+00   0.0000000000E+00   0.0000000000E+00   0.0000000000E+00
   22      0.0000000000E+00   0.0000000000E+00   0.0000000000E+00   0.0000000000E+00   0.0000000000E+00
   23      0.0000000000E+00   0.0000000000E+00   0.0000000000E+00   0.0000000000E+00   0.0000000000E+00
   24      0.0000000000E+00   0.0000000000E+00   0.0000000000E+00   0.0000000000E+00   0.0000000000E+00
   25      0.0000000000E+00   0.0000000000E+00   0.0000000000E+00   0.0000000000E+00   0.0000000000E+00
   26      0.0000000000E+00   0.0000000000E+00   0.0000000000E+00   0.0000000000E+00   0.0000000000E+00
   27      0.0000000000E+00   0.0000000000E+00   0.0000000000E+00   0.0000000000E+00   0.0000000000E+00
   28      0.0000000000E+00   0.0000000000E+00   0.0000000000E+00   0.0000000000E+00   0.0000000000E+00
   29      0.0000000000E+00   0.0000000000E+00   0.0000000000E+00   0.0000000000E+00   0.0000000000E+00
   30      0.0000000000E+00   0.0000000000E+00   0.0000000000E+00   0.0000000000E+00   0.0000000000E+00
   31      0.0000000000E+00   0.0000000000E+00   0.0000000000E+00   0.0000000000E+00   0.0000000000E+00
   32      0.0000000000E+00   0.0000000000E+00   0.0000000000E+00   0.0000000000E+00   0.0000000000E+00
   33      0.0000000000E+00   0.0000000000E+00   0.0000000000E+00   0.0000000000E+00   0.0000000000E+00
   34      0.0000000000E+00   0.0000000000E+00   0.0000000000E+00   0.0000000000E+00   0.0000000000E+00
   35      0.0000000000E+00   0.0000000000E+00   0.0000000000E+00   0.0000000000E+00   0.0000000000E+00
   36      0.0000000000E+00   0.0000000000E+00   0.0000000000E+00   0.0000000000E+00   0.0000000000E+00
   37      0.0000000000E+00   0.0000000000E+00   0.0000000000E+00   0.0000000000E+00   0.0000000000E+00
   38      0.0000000000E+00   0.0000000000E+00   0.0000000000E+00   0.0000000000E+00   0.0000000000E+00
                    5                  6                  7                  8                  9        
    0      0.0000000000E+00  -1.3971531139E-02  -3.8036113289E-04  -3.7689271029E-02  -3.6168148584E-02
    1      0.0000000000E+00   1.7579627737E-03  -1.3975963189E-02  -3.3196245647E-03  -6.2116965708E-02
    2      0.0000000000E+00   2.3157789633E-03  -5.1476552193E-02  -2.2633826826E-02  -6.9516574207E-02
    3      0.0000000000E+00  -6.6117458676E-05  -7.1708979203E-03   6.0020438526E-03   7.8915254345E-02
    4      0.0000000000E+00  -3.3570240859E-04  -6.4354486233E-03  -6.5870704839E-03  -6.6350383104E-02
    5      0.0000000000E+00   2.1533309493E-04  -1.7992604941E-04  -3.5397648812E-03   2.4686088066E-01
    6      0.0000000000E+00   2.4347712584E-01  -2.0798032258E-01   2.2636541895E-01  -6.3589070358E-02
    7      0.0000000000E+00  -1.1480599054E-02   3.8165384939E-02  -2.4625205913E-02   8.0819148885E-02
    8      0.0000000000E+00   2.1323848959E-01  -2.5206154494E-01   2.0080315199E-01  -1.9686635720E-01
    9      0.0000000000E+00  -3.1304366630E-01   2.4873326514E-01  -3.9988523991E-01  -1.3039717436E-01
   10      0.0000000000E+00   5.1733051533E-02  -1.1339098206E-01   2.1778525430E-02  -3.9680709572E-01
   11      0.0000000000E+00   1.1077469808E-01  -1.6508593456E-01   9.4452944235E-02  -1.7057358465E-01
   12      0.0000000000E+00   4.0848507603E-02  -4.3102091768E-02   1.3263210308E-02  -5.3644330418E-02
   13      0.0000000000E+00  -3.7915445021E-02   2.5340637035E-02  -4.6587498998E-03   7.8670527741E-02
   14      0.0000000000E+00  -3.2599239657E-01   1.9662323975E-01  -3.9354232676E-01  -1.9603976675E-01
   15      0.0000000000E+00   1.0782103215E-02   1.8610536183E-02   3.6810048167E-02  -7.2299705380E-02
